_id,month,town,flat_type,block,street_name,storey_range,floor_area_sqm,flat_model,lease_commence_date,remaining_lease,resale_price,address,postal,latitude,longitude,_ts
209692,2025-12,PASIR RIS,5 ROOM,482,PASIR RIS DR 4,07 TO 09,122.0,Improved,1989,63 years,710000.0,482 PASIR RIS DR 4,510482,1.37375879162392,103.95971509662,2026-02-20
214363,2025-12,SENGKANG,4 ROOM,107,RIVERVALE WALK,13 TO 15,103.0,Model A,1999,72 years 03 months,600000.0,107 RIVERVALE WALK,540107,1.38300501325196,103.900272453522,2026-02-20
214007,2025-12,SENGKANG,4 ROOM,299A,COMPASSVALE ST,16 TO 18,94.0,Premium Apartment,2001,74 years 09 months,634000.0,299A COMPASSVALE ST,541299,1.39624131422154,103.902632812388,2026-02-20
214006,2025-12,SENGKANG,4 ROOM,291D,COMPASSVALE ST,01 TO 03,90.0,Model A,2001,74 years 10 months,538000.0,291D COMPASSVALE ST,544291,1.39680336272166,103.898497262093,2026-02-20
213990,2025-12,SENGKANG,4 ROOM,203B,COMPASSVALE RD,13 TO 15,90.0,Model A,2001,74 years 03 months,600000.0,203B COMPASSVALE RD,542203,1.38689909846857,103.894771744264,2026-02-20
213960,2025-12,SENGKANG,4 ROOM,268C,COMPASSVALE LINK,16 TO 18,90.0,Premium Apartment,2006,79 years 03 months,718000.0,268C COMPASSVALE LINK,543268,1.38476706087905,103.895957786939,2026-02-20
213959,2025-12,SENGKANG,4 ROOM,268B,COMPASSVALE LINK,07 TO 09,90.0,Premium Apartment,2006,79 years 03 months,695000.0,268B COMPASSVALE LINK,542268,1.38445556909348,103.896252814643,2026-02-20
213958,2025-12,SENGKANG,4 ROOM,267A,COMPASSVALE LINK,07 TO 09,90.0,Premium Apartment,2006,79 years 03 months,670000.0,267A COMPASSVALE LINK,541267,1.38295233185929,103.897862620782,2026-02-20
213957,2025-12,SENGKANG,4 ROOM,275A,COMPASSVALE LINK,04 TO 06,90.0,Premium Apartment,2009,82 years 07 months,835000.0,275A COMPASSVALE LINK,541275,1.38287416215524,103.894603741377,2026-02-20
213956,2025-12,SENGKANG,4 ROOM,265B,COMPASSVALE LINK,10 TO 12,92.0,Premium Apartment,2008,81 years 06 months,717500.0,265B COMPASSVALE LINK,542265,1.38213716574566,103.895742316336,2026-02-20
213901,2025-12,SENGKANG,4 ROOM,211D,COMPASSVALE LANE,04 TO 06,93.0,Model A,2013,86 years 03 months,650000.0,211D COMPASSVALE LANE,544211,1.38552172050188,103.899866305926,2026-02-20
213900,2025-12,SENGKANG,4 ROOM,210A,COMPASSVALE LANE,16 TO 18,97.0,Model A,2013,86 years 03 months,688000.0,210A COMPASSVALE LANE,541210,1.38480080631986,103.900105508026,2026-02-20
213859,2025-12,SENGKANG,4 ROOM,215B,COMPASSVALE DR,07 TO 09,92.0,Premium Apartment,2017,90 years 05 months,852800.0,215B COMPASSVALE DR,542215,1.39000944345961,103.893454183017,2026-02-20
213821,2025-12,SENGKANG,4 ROOM,293A,COMPASSVALE CRES,01 TO 03,93.0,Model A,2016,90 years 01 month,640000.0,293A COMPASSVALE CRES,541293,1.39653303935383,103.895867598027,2026-02-20
213820,2025-12,SENGKANG,4 ROOM,294A,COMPASSVALE CRES,10 TO 12,93.0,Model A,2016,90 years,698000.0,294A COMPASSVALE CRES,541294,1.39606977416428,103.895933432889,2026-02-20
213819,2025-12,SENGKANG,4 ROOM,290B,COMPASSVALE CRES,07 TO 09,90.0,Model A,2001,75 years 01 month,583000.0,290B COMPASSVALE CRES,542290,1.3970326678583,103.897023030475,2026-02-20
213818,2025-12,SENGKANG,4 ROOM,296B,COMPASSVALE CRES,07 TO 09,90.0,Model A,2002,75 years 02 months,573000.0,296B COMPASSVALE CRES,542296,1.3976389016057,103.899287408404,2026-02-20
213817,2025-12,SENGKANG,4 ROOM,293C,COMPASSVALE CRES,07 TO 09,93.0,Model A,2016,90 years,658000.0,293C COMPASSVALE CRES,543293,1.39710329279537,103.895714685197,2026-02-20
213728,2025-12,SENGKANG,4 ROOM,317B,ANCHORVALE RD,10 TO 12,92.0,Premium Apartment,2003,76 years 07 months,622000.0,317B ANCHORVALE RD,542317,1.39386232204759,103.888540263546,2026-02-20
213691,2025-12,SENGKANG,4 ROOM,314C,ANCHORVALE LINK,01 TO 03,92.0,Premium Apartment,2003,76 years 06 months,530000.0,314C ANCHORVALE LINK,543314,1.39146759994418,103.888964274249,2026-02-20
213690,2025-12,SENGKANG,4 ROOM,332C,ANCHORVALE LINK,13 TO 15,92.0,Model A,2015,88 years 07 months,725000.0,332C ANCHORVALE LINK,543332,1.39500219567352,103.891960984474,2026-02-20
213662,2025-12,SENGKANG,4 ROOM,311A,ANCHORVALE LANE,01 TO 03,89.0,Premium Apartment,2002,75 years 10 months,558000.0,311A ANCHORVALE LANE,541311,1.39096468167495,103.884060305383,2026-02-20
213661,2025-12,SENGKANG,4 ROOM,356A,ANCHORVALE LANE,10 TO 12,93.0,Model A,2021,94 years 03 months,715000.0,356A ANCHORVALE LANE,541356,1.39343577522561,103.884811967949,2026-02-20
213617,2025-12,SENGKANG,4 ROOM,301A,ANCHORVALE DR,07 TO 09,90.0,Model A,2001,74 years 08 months,605888.0,301A ANCHORVALE DR,541301,1.38902209670852,103.8917280092,2026-02-20
213616,2025-12,SENGKANG,4 ROOM,321C,ANCHORVALE DR,04 TO 06,90.0,Model A,2002,75 years 09 months,583000.0,321C ANCHORVALE DR,543321,1.39058578077811,103.891617324,2026-02-20
213615,2025-12,SENGKANG,4 ROOM,321B,ANCHORVALE DR,04 TO 06,91.0,Model A,2002,75 years 04 months,602000.0,321B ANCHORVALE DR,542321,1.39056163065421,103.892266218672,2026-02-20
213605,2025-12,SENGKANG,4 ROOM,336C,ANCHORVALE CRES,16 TO 18,92.0,Premium Apartment,2015,89 years 02 months,770000.0,336C ANCHORVALE CRES,543336,1.39774373171815,103.88858318745,2026-02-20
213604,2025-12,SENGKANG,4 ROOM,338A,ANCHORVALE CRES,10 TO 12,93.0,Model A,2018,91 years 06 months,700000.0,338A ANCHORVALE CRES,541338,1.39926289122119,103.888859316617,2026-02-20
213603,2025-12,SENGKANG,4 ROOM,336D,ANCHORVALE CRES,10 TO 12,92.0,Premium Apartment,2015,89 years 01 month,725000.0,336D ANCHORVALE CRES,544336,1.39776902487201,103.888235889907,2026-02-20
214037,2025-12,SENGKANG,4 ROOM,231,COMPASSVALE WALK,07 TO 09,101.0,Model A,1999,72 years 10 months,568000.0,231 COMPASSVALE WALK,540231,1.38953316865049,103.901395398008,2026-02-20
214038,2025-12,SENGKANG,4 ROOM,223A,COMPASSVALE WALK,10 TO 12,102.0,Model A,1999,72 years 06 months,660000.0,223A COMPASSVALE WALK,541223,1.38813209503832,103.89725765372,2026-02-20
214039,2025-12,SENGKANG,4 ROOM,238,COMPASSVALE WALK,13 TO 15,101.0,Model A,1999,73 years,628888.0,238 COMPASSVALE WALK,540238,1.39044005805872,103.898663984992,2026-02-20
214210,2025-12,SENGKANG,4 ROOM,472C,FERNVALE ST,13 TO 15,93.0,Model A,2016,89 years 10 months,665000.0,472C FERNVALE ST,793472,1.39631552198212,103.881167314758,2026-02-20
214330,2025-12,SENGKANG,4 ROOM,188D,RIVERVALE DR,10 TO 12,95.0,Model A,2000,73 years 08 months,575000.0,188D RIVERVALE DR,544188,1.3949529972221,103.904008558369,2026-02-20
214329,2025-12,SENGKANG,4 ROOM,116B,RIVERVALE DR,13 TO 15,95.0,Model A,2000,73 years 08 months,560000.0,116B RIVERVALE DR,542116,1.3820599154844,103.90235541039,2026-02-20
214328,2025-12,SENGKANG,4 ROOM,197,RIVERVALE DR,10 TO 12,91.0,Model A,2001,74 years 06 months,580000.0,197 RIVERVALE DR,540197,1.39260720460019,103.903563470108,2026-02-20
214327,2025-12,SENGKANG,4 ROOM,186B,RIVERVALE DR,01 TO 03,91.0,Model A,2001,74 years 02 months,545000.0,186B RIVERVALE DR,542186,1.39280009752535,103.905610062045,2026-02-20
214285,2025-12,SENGKANG,4 ROOM,178C,RIVERVALE CRES,16 TO 18,93.0,Model A,2015,88 years 04 months,650000.0,178C RIVERVALE CRES,543178,1.38873270132208,103.910660470449,2026-02-20
214284,2025-12,SENGKANG,4 ROOM,158B,RIVERVALE CRES,07 TO 09,94.0,Premium Apartment,2003,77 years,577000.0,158B RIVERVALE CRES,542158,1.38841338018717,103.906676179338,2026-02-20
214283,2025-12,SENGKANG,4 ROOM,150,RIVERVALE CRES,10 TO 12,90.0,Model A,2005,79 years 01 month,582000.0,150 RIVERVALE CRES,540150,1.392354298139,103.906260569671,2026-02-20
214282,2025-12,SENGKANG,4 ROOM,183D,RIVERVALE CRES,04 TO 06,85.0,Model A2,2003,76 years 07 months,555000.0,183D RIVERVALE CRES,544183,1.39145041079796,103.908743124375,2026-02-20
214281,2025-12,SENGKANG,4 ROOM,184C,RIVERVALE CRES,04 TO 06,85.0,Model A2,2003,76 years 07 months,525000.0,184C RIVERVALE CRES,543184,1.39266579969396,103.907716745628,2026-02-20
214280,2025-12,SENGKANG,4 ROOM,184B,RIVERVALE CRES,13 TO 15,90.0,Model A,2003,76 years 07 months,560000.0,184B RIVERVALE CRES,542184,1.39248357533523,103.907225369474,2026-02-20
214212,2025-12,SENGKANG,4 ROOM,471A,FERNVALE ST,10 TO 12,93.0,Model A,2016,89 years 09 months,635000.0,471A FERNVALE ST,791471,1.39604094734393,103.880735419984,2026-02-20
214211,2025-12,SENGKANG,4 ROOM,471B,FERNVALE ST,07 TO 09,93.0,Model A,2016,89 years 10 months,642000.0,471B FERNVALE ST,792471,1.39649875629749,103.880447337309,2026-02-20
214209,2025-12,SENGKANG,4 ROOM,471A,FERNVALE ST,10 TO 12,93.0,Model A,2016,89 years 10 months,648000.0,471A FERNVALE ST,791471,1.39604094734393,103.880735419984,2026-02-20
214040,2025-12,SENGKANG,4 ROOM,225A,COMPASSVALE WALK,07 TO 09,102.0,Model A,1999,72 years 11 months,626000.0,225A COMPASSVALE WALK,541225,1.38764974954714,103.898706136942,2026-02-20
214192,2025-12,SENGKANG,4 ROOM,441B,FERNVALE RD,04 TO 06,92.0,Model A,2012,85 years 02 months,640000.0,441B FERNVALE RD,792441,1.39121038063109,103.874688908059,2026-02-20
214191,2025-12,SENGKANG,4 ROOM,435C,FERNVALE RD,22 TO 24,94.0,Premium Apartment,2013,86 years 06 months,695000.0,435C FERNVALE RD,793435,1.39359978788204,103.876912987517,2026-02-20
214190,2025-12,SENGKANG,4 ROOM,436A,FERNVALE RD,19 TO 21,96.0,Model A,2010,83 years 03 months,685000.0,436A FERNVALE RD,791436,1.39283366745998,103.876517997854,2026-02-20
214189,2025-12,SENGKANG,4 ROOM,410A,FERNVALE RD,07 TO 09,95.0,Premium Apartment,2012,86 years,640000.0,410A FERNVALE RD,791410,1.39005269523174,103.875940509386,2026-02-20
214188,2025-12,SENGKANG,4 ROOM,436B,FERNVALE RD,19 TO 21,96.0,Model A,2010,83 years 04 months,655000.0,436B FERNVALE RD,792436,1.39287835979949,103.876975719617,2026-02-20
214187,2025-12,SENGKANG,4 ROOM,410A,FERNVALE RD,22 TO 24,96.0,Premium Apartment,2012,86 years,725000.0,410A FERNVALE RD,791410,1.39005269523174,103.875940509386,2026-02-20
214114,2025-12,SENGKANG,4 ROOM,468B,FERNVALE LINK,07 TO 09,93.0,Model A,2016,89 years 09 months,600000.0,468B FERNVALE LINK,792468,1.39745479369412,103.878010391039,2026-02-20
214113,2025-12,SENGKANG,4 ROOM,415B,FERNVALE LINK,13 TO 15,93.0,Model A,2016,89 years 02 months,630000.0,415B FERNVALE LINK,792415,1.38884403585275,103.880083476817,2026-02-20
214112,2025-12,SENGKANG,4 ROOM,415B,FERNVALE LINK,10 TO 12,93.0,Model A,2016,89 years 02 months,685000.0,415B FERNVALE LINK,792415,1.38884403585275,103.880083476817,2026-02-20
214111,2025-12,SENGKANG,4 ROOM,416B,FERNVALE LINK,07 TO 09,93.0,Model A,2016,89 years 02 months,658000.0,416B FERNVALE LINK,792416,1.39048519034443,103.880509545623,2026-02-20
214110,2025-12,SENGKANG,4 ROOM,417A,FERNVALE LINK,19 TO 21,94.0,Model A,2018,91 years 09 months,718000.0,417A FERNVALE LINK,791417,1.39157654101303,103.880697269897,2026-02-20
214041,2025-12,SENGKANG,4 ROOM,223D,COMPASSVALE WALK,07 TO 09,102.0,Model A,1999,72 years 06 months,610000.0,223D COMPASSVALE WALK,544223,1.38907484388669,103.897367568133,2026-02-20
213560,2025-12,SENGKANG,3 ROOM,458C,SENGKANG WEST RD,01 TO 03,68.0,Model A,2020,93 years 10 months,502000.0,458C SENGKANG WEST RD,793458,1.39285734486634,103.870875153546,2026-02-20
213522,2025-12,SENGKANG,3 ROOM,471C,FERNVALE ST,16 TO 18,68.0,Model A,2016,89 years 11 months,542888.0,471C FERNVALE ST,793471,1.39595291069106,103.8815041411,2026-02-20
213514,2025-12,SENGKANG,3 ROOM,436D,FERNVALE RD,07 TO 09,70.0,Model A,2010,83 years 04 months,525000.0,436D FERNVALE RD,794436,1.3921787440658,103.876627568951,2026-02-20
212740,2025-12,SEMBAWANG,4 ROOM,126A,CANBERRA ST,04 TO 06,96.0,Model A,2021,94 years 02 months,720000.0,126A CANBERRA ST,751126,1.44515880423783,103.834981318758,2026-02-20
212903,2025-12,SEMBAWANG,4 ROOM,463C,SEMBAWANG DR,22 TO 24,92.0,Model A,2015,88 years 06 months,615000.0,463C SEMBAWANG DR,753463,1.45623509145475,103.814292200264,2026-02-20
212902,2025-12,SEMBAWANG,4 ROOM,466D,SEMBAWANG DR,07 TO 09,90.0,Premium Apartment,2006,79 years 03 months,515000.0,466D SEMBAWANG DR,754466,1.45595291786323,103.813547483063,2026-02-20
212901,2025-12,SEMBAWANG,4 ROOM,477,SEMBAWANG DR,01 TO 03,88.0,Model A2,2000,73 years 08 months,545000.0,477 SEMBAWANG DR,750477,1.45208461891806,103.816554224473,2026-02-20
212824,2025-12,SEMBAWANG,4 ROOM,334,SEMBAWANG CL,04 TO 06,101.0,Model A,1999,73 years,555000.0,334 SEMBAWANG CL,750334,1.44732828215134,103.81582008771,2026-02-20
212823,2025-12,SEMBAWANG,4 ROOM,339B,SEMBAWANG CL,01 TO 03,95.0,Premium Apartment,2001,74 years 07 months,560000.0,339B SEMBAWANG CL,752339,1.44801595683776,103.817560653972,2026-02-20
212822,2025-12,SEMBAWANG,4 ROOM,340A,SEMBAWANG CL,01 TO 03,95.0,Premium Apartment,2001,74 years 07 months,553000.0,340A SEMBAWANG CL,751340,1.44753390062501,103.81789234547,2026-02-20
212821,2025-12,SEMBAWANG,4 ROOM,320,SEMBAWANG CL,01 TO 03,100.0,Model A,1999,72 years 07 months,548800.0,320 SEMBAWANG CL,750320,1.44643784156419,103.81885853477,2026-02-20
212783,2025-12,SEMBAWANG,4 ROOM,504B,MONTREAL DR,13 TO 15,90.0,Model A,2001,74 years 07 months,562000.0,504B MONTREAL DR,752504,1.45088207954215,103.823325694936,2026-02-20
212774,2025-12,SEMBAWANG,4 ROOM,108B,CANBERRA WALK,01 TO 03,93.0,Model A,2018,91 years 06 months,600000.0,108B CANBERRA WALK,752108,1.44818951673352,103.831856910403,2026-02-20
212773,2025-12,SEMBAWANG,4 ROOM,115B,CANBERRA WALK,07 TO 09,93.0,Model A,2018,91 years 08 months,720000.0,115B CANBERRA WALK,752115,1.44631122878781,103.829416902418,2026-02-20
212772,2025-12,SEMBAWANG,4 ROOM,108B,CANBERRA WALK,04 TO 06,93.0,Model A,2018,91 years 06 months,655000.0,108B CANBERRA WALK,752108,1.44818951673352,103.831856910403,2026-02-20
212753,2025-12,SEMBAWANG,4 ROOM,132C,CANBERRA VIEW,07 TO 09,95.0,Model A,2020,93 years 09 months,889000.0,132C CANBERRA VIEW,753132,1.44267376186975,103.8309577035,2026-02-20
212739,2025-12,SEMBAWANG,4 ROOM,101B,CANBERRA ST,10 TO 12,93.0,Model A,2020,94 years 01 month,646888.0,101B CANBERRA ST,752101,1.45166310353079,103.831174909166,2026-02-20
212905,2025-12,SEMBAWANG,4 ROOM,479,SEMBAWANG DR,10 TO 12,88.0,Model A2,2000,73 years 08 months,500000.0,479 SEMBAWANG DR,750479,1.45244222327433,103.815808054796,2026-02-20
212738,2025-12,SEMBAWANG,4 ROOM,126A,CANBERRA ST,01 TO 03,93.0,Model A,2021,94 years 02 months,640000.0,126A CANBERRA ST,751126,1.44515880423783,103.834981318758,2026-02-20
212737,2025-12,SEMBAWANG,4 ROOM,103B,CANBERRA ST,07 TO 09,93.0,Model A,2020,94 years 01 month,640000.0,103B CANBERRA ST,752103,1.45056599465441,103.831238741555,2026-02-20
212736,2025-12,SEMBAWANG,4 ROOM,107B,CANBERRA ST,07 TO 09,93.0,Model A,2018,91 years 08 months,650000.0,107B CANBERRA ST,752107,1.44916516333167,103.833497265983,2026-02-20
212514,2025-12,SEMBAWANG,4 ROOM,132A,CANBERRA CRES,07 TO 09,92.0,Model A,2020,93 years 10 months,810000.0,132A CANBERRA CRES,751132,1.44345437411826,103.831294578169,2026-02-20
212513,2025-12,SEMBAWANG,4 ROOM,119A,CANBERRA CRES,10 TO 12,93.0,Model A,2018,91 years 03 months,720000.0,119A CANBERRA CRES,751119,1.44604755101014,103.831125256006,2026-02-20
212512,2025-12,SEMBAWANG,4 ROOM,130A,CANBERRA CRES,10 TO 12,93.0,Model A,2018,91 years 11 months,736000.0,130A CANBERRA CRES,751130,1.44476382182316,103.831865540071,2026-02-20
212511,2025-12,SEMBAWANG,4 ROOM,120B,CANBERRA CRES,10 TO 12,93.0,Model A,2018,91 years 03 months,700000.0,120B CANBERRA CRES,752120,1.44629377124154,103.83270384797,2026-02-20
212510,2025-12,SEMBAWANG,4 ROOM,131B,CANBERRA CRES,04 TO 06,92.0,Model A,2020,93 years 10 months,770000.0,131B CANBERRA CRES,752131,1.4441465844546,103.830857595253,2026-02-20
212447,2025-12,SEMBAWANG,4 ROOM,485,ADMIRALTY LINK,07 TO 09,85.0,Model A2,2003,76 years 07 months,525000.0,485 ADMIRALTY LINK,750485,1.45642486305407,103.815857505979,2026-02-20
212446,2025-12,SEMBAWANG,4 ROOM,403,ADMIRALTY LINK,10 TO 12,90.0,Model A,2001,74 years 04 months,535000.0,403 ADMIRALTY LINK,750403,1.45391726002344,103.816130138927,2026-02-20
212445,2025-12,SEMBAWANG,4 ROOM,403,ADMIRALTY LINK,04 TO 06,90.0,Model A,2001,74 years 04 months,493000.0,403 ADMIRALTY LINK,750403,1.45391726002344,103.816130138927,2026-02-20
212444,2025-12,SEMBAWANG,4 ROOM,491,ADMIRALTY LINK,10 TO 12,90.0,Model A,2004,77 years 07 months,520000.0,491 ADMIRALTY LINK,750491,1.45611278902566,103.817716592062,2026-02-20
212904,2025-12,SEMBAWANG,4 ROOM,406,SEMBAWANG DR,04 TO 06,86.0,Model A2,2001,74 years 04 months,523888.0,406 SEMBAWANG DR,750406,1.45292980520031,103.816977584813,2026-02-20
212927,2025-12,SEMBAWANG,4 ROOM,501C,WELLINGTON CIRCLE,10 TO 12,91.0,Model A,2001,74 years 09 months,555000.0,501C WELLINGTON CIRCLE,753501,1.45169408187552,103.821715715582,2026-02-20
213495,2025-12,SENGKANG,3 ROOM,414B,FERNVALE LINK,01 TO 03,68.0,Model A,2016,89 years 03 months,490000.0,414B FERNVALE LINK,792414,1.39001961783905,103.879574314696,2026-02-20
213228,2025-12,SEMBAWANG,5 ROOM,474,SEMBAWANG DR,01 TO 03,110.0,Improved,2000,73 years 11 months,570000.0,474 SEMBAWANG DR,750474,1.4507121028977,103.816543560672,2026-02-20
213462,2025-12,SENGKANG,3 ROOM,211B,COMPASSVALE LANE,04 TO 06,68.0,Model A,2013,86 years 03 months,526000.0,211B COMPASSVALE LANE,542211,1.38508719120599,103.898737047703,2026-02-20
213441,2025-12,SENGKANG,3 ROOM,355A,ANCHORVALE LANE,07 TO 09,68.0,Model A,2021,94 years 02 months,565000.0,355A ANCHORVALE LANE,541355,1.39296872192969,103.885107193078,2026-02-20
213413,2025-12,SENGKANG,2 ROOM,456B,SENGKANG WEST RD,13 TO 15,48.0,2-room,2020,93 years 10 months,405000.0,456B SENGKANG WEST RD,792456,1.39211572540583,103.869908748735,2026-02-20
213412,2025-12,SENGKANG,2 ROOM,457B,SENGKANG WEST RD,10 TO 12,48.0,2-room,2020,93 years 10 months,410000.0,457B SENGKANG WEST RD,792457,1.39242177196708,103.870777707872,2026-02-20
213411,2025-12,SENGKANG,2 ROOM,458C,SENGKANG WEST RD,10 TO 12,48.0,2-room,2020,93 years 11 months,385000.0,458C SENGKANG WEST RD,793458,1.39285734486634,103.870875153546,2026-02-20
213377,2025-12,SENGKANG,2 ROOM,445B,FERNVALE RD,19 TO 21,47.0,Model A,2012,85 years 11 months,405000.0,445B FERNVALE RD,792445,1.39224716162446,103.874095130429,2026-02-20
213366,2025-12,SENGKANG,2 ROOM,418A,FERNVALE LINK,07 TO 09,47.0,2-room,2018,91 years 07 months,388000.0,418A FERNVALE LINK,791418,1.39100745746343,103.879606736157,2026-02-20
213329,2025-12,SEMBAWANG,EXECUTIVE,506A,WELLINGTON CIRCLE,04 TO 06,130.0,Apartment,2001,75 years 01 month,765000.0,506A WELLINGTON CIRCLE,751506,1.45198402771961,103.823946118275,2026-02-20
213309,2025-12,SEMBAWANG,EXECUTIVE,337,SEMBAWANG CRES,13 TO 15,136.0,Apartment,1999,72 years 08 months,780000.0,337 SEMBAWANG CRES,750337,1.44615096906869,103.815651965202,2026-02-20
213308,2025-12,SEMBAWANG,EXECUTIVE,338,SEMBAWANG CRES,16 TO 18,135.0,Apartment,1999,72 years 08 months,785000.0,338 SEMBAWANG CRES,750338,1.44577476058766,103.815316349165,2026-02-20
213288,2025-12,SEMBAWANG,EXECUTIVE,423,CANBERRA RD,04 TO 06,130.0,Apartment,2001,74 years 04 months,680000.0,423 CANBERRA RD,750423,1.45374132100674,103.818123782511,2026-02-20
213229,2025-12,SEMBAWANG,5 ROOM,411,SEMBAWANG DR,07 TO 09,110.0,Improved,2001,74 years 05 months,620888.0,411 SEMBAWANG DR,750411,1.45219746411589,103.817932344079,2026-02-20
213192,2025-12,SEMBAWANG,5 ROOM,341B,SEMBAWANG CL,07 TO 09,111.0,Premium Apartment,2001,74 years 07 months,680000.0,341B SEMBAWANG CL,752341,1.44798211047398,103.818506856223,2026-02-20
212966,2025-12,SEMBAWANG,5 ROOM,357B,ADMIRALTY DR,13 TO 15,111.0,Premium Apartment,2001,74 years 07 months,718000.0,357B ADMIRALTY DR,752357,1.45024168257745,103.817316100829,2026-02-20
213191,2025-12,SEMBAWANG,5 ROOM,340A,SEMBAWANG CL,13 TO 15,111.0,Premium Apartment,2001,74 years 07 months,675000.0,340A SEMBAWANG CL,751340,1.44753390062501,103.81789234547,2026-02-20
213190,2025-12,SEMBAWANG,5 ROOM,331,SEMBAWANG CL,04 TO 06,121.0,Improved,1999,72 years 08 months,640000.0,331 SEMBAWANG CL,750331,1.44752857706619,103.816661963955,2026-02-20
213189,2025-12,SEMBAWANG,5 ROOM,335,SEMBAWANG CL,07 TO 09,121.0,Improved,1999,72 years 11 months,715888.0,335 SEMBAWANG CL,750335,1.44716347336281,103.815013547479,2026-02-20
213171,2025-12,SEMBAWANG,5 ROOM,588A,MONTREAL DR,10 TO 12,110.0,Improved,2002,76 years 01 month,608888.0,588A MONTREAL DR,751588,1.45035683378178,103.825726692093,2026-02-20
213151,2025-12,SEMBAWANG,5 ROOM,129A,CANBERRA ST,04 TO 06,113.0,Improved,2018,91 years 10 months,780000.0,129A CANBERRA ST,751129,1.44525782010492,103.832559693596,2026-02-20
213150,2025-12,SEMBAWANG,5 ROOM,102A,CANBERRA ST,01 TO 03,116.0,Improved,2020,94 years 01 month,685000.0,102A CANBERRA ST,751102,1.45119390519494,103.832227554636,2026-02-20
213149,2025-12,SEMBAWANG,5 ROOM,121A,CANBERRA ST,04 TO 06,113.0,Improved,2018,91 years 02 months,715000.0,121A CANBERRA ST,751121,1.4476018660383,103.833517820559,2026-02-20
213047,2025-12,SEMBAWANG,5 ROOM,425,CANBERRA RD,01 TO 03,110.0,Improved,2001,74 years 05 months,560000.0,425 CANBERRA RD,750425,1.4543786727951,103.818678117563,2026-02-20
213015,2025-12,SEMBAWANG,5 ROOM,120A,CANBERRA CRES,04 TO 06,113.0,Improved,2018,91 years 03 months,795888.0,120A CANBERRA CRES,751120,1.446140802959,103.832236151361,2026-02-20
212998,2025-12,SEMBAWANG,5 ROOM,484,ADMIRALTY LINK,13 TO 15,111.0,Improved,2003,76 years 08 months,600000.0,484 ADMIRALTY LINK,750484,1.45707121613828,103.815308448775,2026-02-20
212997,2025-12,SEMBAWANG,5 ROOM,404,ADMIRALTY LINK,04 TO 06,110.0,Improved,2001,74 years 04 months,560000.0,404 ADMIRALTY LINK,750404,1.45356650489638,103.816469172419,2026-02-20
212996,2025-12,SEMBAWANG,5 ROOM,484,ADMIRALTY LINK,04 TO 06,110.0,Improved,2003,76 years 08 months,545000.0,484 ADMIRALTY LINK,750484,1.45707121613828,103.815308448775,2026-02-20
214345,2025-12,SENGKANG,4 ROOM,140,RIVERVALE ST,01 TO 03,90.0,Model A2,1999,72 years 02 months,545000.0,140 RIVERVALE ST,540140,1.38937559481463,103.903705419983,2026-02-20
214385,2025-12,SENGKANG,4 ROOM,272D,SENGKANG CTRL,13 TO 15,90.0,Premium Apartment,2009,83 years 01 month,840000.0,272D SENGKANG CTRL,544272,1.38393100526784,103.893564426812,2026-02-20
212363,2025-12,SEMBAWANG,3 ROOM,590B,MONTREAL LINK,04 TO 06,68.0,Model A,2015,88 years 05 months,500000.0,590B MONTREAL LINK,752590,1.45008621870701,103.827067209255,2026-02-20
214386,2025-12,SENGKANG,4 ROOM,272B,SENGKANG CTRL,13 TO 15,90.0,Premium Apartment,2009,83 years 01 month,790000.0,272B SENGKANG CTRL,542272,1.3847603423548,103.893939092139,2026-02-20
215329,2025-12,SERANGOON,3 ROOM,107,SERANGOON NTH AVE 1,10 TO 12,69.0,Improved,1984,57 years 10 months,478000.0,107 SERANGOON NTH AVE 1,550107,1.36990039748774,103.870224885633,2026-02-20
215328,2025-12,SERANGOON,3 ROOM,104,SERANGOON NTH AVE 1,01 TO 03,67.0,New Generation,1984,57 years 11 months,420888.0,104 SERANGOON NTH AVE 1,550104,1.37059316193953,103.871086801722,2026-02-20
215327,2025-12,SERANGOON,3 ROOM,106,SERANGOON NTH AVE 1,04 TO 06,69.0,Improved,1984,57 years 09 months,432500.0,106 SERANGOON NTH AVE 1,550106,1.37024462107298,103.87082295041,2026-02-20
215304,2025-12,SERANGOON,3 ROOM,261,SERANGOON CTRL DR,04 TO 06,64.0,Simplified,1988,61 years 08 months,470000.0,261 SERANGOON CTRL DR,550261,1.35405255194874,103.872524450991,2026-02-20
215296,2025-12,SERANGOON,3 ROOM,209,SERANGOON CTRL,07 TO 09,64.0,Simplified,1985,58 years 11 months,550000.0,209 SERANGOON CTRL,550209,1.35444891059602,103.874262060745,2026-02-20
215265,2025-12,SERANGOON,3 ROOM,306,SERANGOON AVE 2,07 TO 09,60.0,Improved,1985,58 years 03 months,480000.0,306 SERANGOON AVE 2,550306,1.354170253505,103.866885717087,2026-02-20
215264,2025-12,SERANGOON,3 ROOM,303,SERANGOON AVE 2,04 TO 06,70.0,Improved,1984,58 years 01 month,501888.0,303 SERANGOON AVE 2,550303,1.35349356621383,103.867045529778,2026-02-20
215263,2025-12,SERANGOON,3 ROOM,302,SERANGOON AVE 2,07 TO 09,60.0,Improved,1985,58 years 04 months,495000.0,302 SERANGOON AVE 2,550302,1.35318021089479,103.867119538611,2026-02-20
215252,2025-12,SERANGOON,3 ROOM,2,LOR LEW LIAN,01 TO 03,64.0,Improved,1983,56 years 07 months,380000.0,2 LOR LEW LIAN,531002,1.35060795612848,103.875680063863,2026-02-20
215251,2025-12,SERANGOON,3 ROOM,4,LOR LEW LIAN,13 TO 15,64.0,Improved,1978,51 years 06 months,460000.0,4 LOR LEW LIAN,531004,1.35026200356709,103.876485050647,2026-02-20
215224,2025-12,SENGKANG,EXECUTIVE,136,RIVERVALE ST,07 TO 09,142.0,Apartment,1998,72 years 01 month,850000.0,136 RIVERVALE ST,540136,1.38897071548031,103.904967353773,2026-02-20
215221,2025-12,SENGKANG,EXECUTIVE,120B,RIVERVALE DR,04 TO 06,141.0,Premium Apartment,2001,74 years 04 months,860000.0,120B RIVERVALE DR,542120,1.38579818238123,103.904394269204,2026-02-20
215206,2025-12,SENGKANG,EXECUTIVE,262B,COMPASSVALE ST,07 TO 09,130.0,Apartment,2001,74 years 05 months,905000.0,262B COMPASSVALE ST,542262,1.39510005315112,103.895470505301,2026-02-20
215205,2025-12,SENGKANG,EXECUTIVE,291C,COMPASSVALE ST,10 TO 12,125.0,Apartment,2001,74 years 07 months,820000.0,291C COMPASSVALE ST,543291,1.39632973880437,103.898595699451,2026-02-20
215169,2025-12,SENGKANG,EXECUTIVE,302C,ANCHORVALE LINK,10 TO 12,130.0,Apartment,2001,75 years,815000.0,302C ANCHORVALE LINK,543302,1.38807961549725,103.890153139284,2026-02-20
215155,2025-12,SENGKANG,5 ROOM,433B,SENGKANG WEST WAY,10 TO 12,113.0,Improved,2014,87 years 11 months,750000.0,433B SENGKANG WEST WAY,792433,1.39388894272879,103.877494624525,2026-02-20
215138,2025-12,SENGKANG,5 ROOM,457A,SENGKANG WEST RD,04 TO 06,113.0,Improved,2020,93 years 10 months,748000.0,457A SENGKANG WEST RD,791457,1.39249836351383,103.870188572891,2026-02-20
215077,2025-12,SENGKANG,5 ROOM,202C,SENGKANG EAST RD,10 TO 12,110.0,Improved,2001,74 years 06 months,790000.0,202C SENGKANG EAST RD,543202,1.38753228222895,103.892967111261,2026-02-20
215072,2025-12,SENGKANG,5 ROOM,279B,SENGKANG EAST AVE,10 TO 12,112.0,Premium Apartment,2015,88 years 08 months,1100000.0,279B SENGKANG EAST AVE,542279,1.38541559450444,103.892986078183,2026-02-20
215071,2025-12,SENGKANG,5 ROOM,279B,SENGKANG EAST AVE,07 TO 09,112.0,Premium Apartment,2015,88 years 09 months,1025000.0,279B SENGKANG EAST AVE,542279,1.38541559450444,103.892986078183,2026-02-20
215061,2025-12,SENGKANG,5 ROOM,113,RIVERVALE WALK,01 TO 03,122.0,Improved,1998,72 years,640000.0,113 RIVERVALE WALK,540113,1.38382743689141,103.901683665212,2026-02-20
215041,2025-12,SENGKANG,5 ROOM,194,RIVERVALE DR,10 TO 12,111.0,Improved,2001,74 years 05 months,650000.0,194 RIVERVALE DR,540194,1.39260955810937,103.901592560709,2026-02-20
215040,2025-12,SENGKANG,5 ROOM,192B,RIVERVALE DR,07 TO 09,115.0,Improved,2000,73 years 10 months,670000.0,192B RIVERVALE DR,542192,1.39421976611946,103.903053742835,2026-02-20
215039,2025-12,SENGKANG,5 ROOM,192A,RIVERVALE DR,10 TO 12,115.0,Improved,2000,73 years 10 months,660000.0,192A RIVERVALE DR,541192,1.39432549389416,103.90346799803,2026-02-20
215038,2025-12,SENGKANG,5 ROOM,195,RIVERVALE DR,13 TO 15,111.0,Improved,2001,74 years 08 months,688000.0,195 RIVERVALE DR,540195,1.39282417800809,103.902400185088,2026-02-20
215037,2025-12,SENGKANG,5 ROOM,186D,RIVERVALE DR,07 TO 09,109.0,Improved,2001,74 years 02 months,635000.0,186D RIVERVALE DR,544186,1.3934293161425,103.905442121703,2026-02-20
215036,2025-12,SENGKANG,5 ROOM,117A,RIVERVALE DR,04 TO 06,115.0,Improved,2000,73 years 08 months,688000.0,117A RIVERVALE DR,541117,1.38317691810934,103.902596601727,2026-02-20
215360,2025-12,SERANGOON,4 ROOM,301,SERANGOON AVE 2,04 TO 06,96.0,New Generation,1985,58 years 02 months,652000.0,301 SERANGOON AVE 2,550301,1.35288347756585,103.867822811475,2026-02-20
215394,2025-12,SERANGOON,4 ROOM,328,SERANGOON AVE 3,04 TO 06,104.0,Model A,1986,59 years 06 months,770000.0,328 SERANGOON AVE 3,550328,1.35028615875324,103.868352627161,2026-02-20
215395,2025-12,SERANGOON,4 ROOM,334,SERANGOON AVE 3,01 TO 03,84.0,Simplified,1987,60 years 05 months,688000.0,334 SERANGOON AVE 3,550334,1.35024124933334,103.870832447555,2026-02-20
215514,2025-12,SERANGOON,4 ROOM,532,SERANGOON NTH AVE 4,04 TO 06,103.0,Model A,1992,66 years,625000.0,532 SERANGOON NTH AVE 4,550532,1.3748688262284,103.874126764503,2026-02-20
215666,2025-12,TAMPINES,3 ROOM,808,TAMPINES AVE 4,04 TO 06,73.0,Model A,1984,57 years 05 months,490000.0,808 TAMPINES AVE 4,520808,1.34649483830586,103.936047649782,2026-02-20
215650,2025-12,TAMPINES,2 ROOM,522A,TAMPINES CTRL 7,04 TO 06,47.0,Model A,2015,88 years 09 months,430000.0,522A TAMPINES CTRL 7,521522,1.3577691377884,103.938391967692,2026-02-20
215649,2025-12,TAMPINES,2 ROOM,522A,TAMPINES CTRL 7,16 TO 18,47.0,Model A,2015,88 years 09 months,465000.0,522A TAMPINES CTRL 7,521522,1.3577691377884,103.938391967692,2026-02-20
215638,2025-12,SERANGOON,EXECUTIVE,520,SERANGOON NTH AVE 4,07 TO 09,147.0,Maisonette,1992,66 years,1080000.0,520 SERANGOON NTH AVE 4,550520,1.37203549075077,103.873724425334,2026-02-20
215601,2025-12,SERANGOON,EXECUTIVE,424,SERANGOON CTRL,07 TO 09,146.0,Maisonette,1989,62 years 05 months,1180000.0,424 SERANGOON CTRL,550424,1.34814738936672,103.875590835007,2026-02-20
215597,2025-12,SERANGOON,EXECUTIVE,321,SERANGOON AVE 2,04 TO 06,147.0,Apartment,1986,59 years 02 months,1200000.0,321 SERANGOON AVE 2,550321,1.35120526890578,103.867769527625,2026-02-20
215596,2025-12,SERANGOON,EXECUTIVE,234A,SERANGOON AVE 2,01 TO 03,140.0,Apartment,1998,71 years 07 months,1082888.0,234A SERANGOON AVE 2,551234,1.35429542901204,103.869169644979,2026-02-20
215582,2025-12,SERANGOON,5 ROOM,523,SERANGOON NTH AVE 4,04 TO 06,122.0,Improved,1992,65 years 11 months,825000.0,523 SERANGOON NTH AVE 4,550523,1.37301246682554,103.872876048422,2026-02-20
215560,2025-12,SERANGOON,5 ROOM,549,SERANGOON NTH AVE 3,07 TO 09,121.0,Improved,1997,71 years,820000.0,549 SERANGOON NTH AVE 3,550549,1.37267603966139,103.871093152446,2026-02-20
215517,2025-12,SERANGOON,4 ROOM,508,SERANGOON NTH AVE 4,04 TO 06,100.0,Model A,1997,70 years 06 months,610000.0,508 SERANGOON NTH AVE 4,550508,1.37184770991728,103.875761256028,2026-02-20
215516,2025-12,SERANGOON,4 ROOM,524,SERANGOON NTH AVE 4,04 TO 06,104.0,Model A,1992,66 years,650000.0,524 SERANGOON NTH AVE 4,550524,1.37269507866103,103.872856788426,2026-02-20
215515,2025-12,SERANGOON,4 ROOM,535A,SERANGOON NTH AVE 4,01 TO 03,104.0,Model A,1992,65 years 11 months,575000.0,535A SERANGOON NTH AVE 4,551535,1.3735653538544,103.874537236943,2026-02-20
215513,2025-12,SERANGOON,4 ROOM,518,SERANGOON NTH AVE 4,07 TO 09,104.0,Model A,1992,66 years,660000.0,518 SERANGOON NTH AVE 4,550518,1.37164118155193,103.874103124013,2026-02-20
215396,2025-12,SERANGOON,4 ROOM,234,SERANGOON AVE 3,01 TO 03,84.0,Simplified,1985,58 years 07 months,572000.0,234 SERANGOON AVE 3,550234,1.35479953784915,103.869534332454,2026-02-20
215512,2025-12,SERANGOON,4 ROOM,536,SERANGOON NTH AVE 4,01 TO 03,103.0,Model A,1992,66 years,585000.0,536 SERANGOON NTH AVE 4,550536,1.3738757370708,103.875172781418,2026-02-20
215493,2025-12,SERANGOON,4 ROOM,550,SERANGOON NTH AVE 3,16 TO 18,100.0,Model A,1997,71 years 01 month,638888.0,550 SERANGOON NTH AVE 3,550550,1.37270991331545,103.870604794931,2026-02-20
215483,2025-12,SERANGOON,4 ROOM,126,SERANGOON NTH AVE 1,01 TO 03,91.0,New Generation,1985,58 years 07 months,550000.0,126 SERANGOON NTH AVE 1,550126,1.36605821730761,103.871874850688,2026-02-20
215482,2025-12,SERANGOON,4 ROOM,118,SERANGOON NTH AVE 1,04 TO 06,91.0,New Generation,1986,59 years 02 months,598000.0,118 SERANGOON NTH AVE 1,550118,1.36759548630876,103.870917753447,2026-02-20
215481,2025-12,SERANGOON,4 ROOM,145,SERANGOON NTH AVE 1,01 TO 03,89.0,Simplified,1986,59 years 10 months,515888.0,145 SERANGOON NTH AVE 1,550145,1.36780607446741,103.872379573915,2026-02-20
215480,2025-12,SERANGOON,4 ROOM,120,SERANGOON NTH AVE 1,10 TO 12,91.0,New Generation,1985,58 years 06 months,578000.0,120 SERANGOON NTH AVE 1,550120,1.36726629285153,103.871070695868,2026-02-20
215479,2025-12,SERANGOON,4 ROOM,101,SERANGOON NTH AVE 1,01 TO 03,91.0,New Generation,1985,58 years 04 months,510000.0,101 SERANGOON NTH AVE 1,550101,1.37103631988089,103.870360910842,2026-02-20
215458,2025-12,SERANGOON,4 ROOM,255,SERANGOON CTRL DR,10 TO 12,99.0,Model A,1999,72 years 06 months,850000.0,255 SERANGOON CTRL DR,550255,1.35506201098257,103.87087185901,2026-02-20
215457,2025-12,SERANGOON,4 ROOM,258,SERANGOON CTRL DR,04 TO 06,99.0,Model A,1999,72 years 06 months,805555.0,258 SERANGOON CTRL DR,550258,1.3551693757779,103.872708662652,2026-02-20
215428,2025-12,SERANGOON,4 ROOM,227,SERANGOON AVE 4,01 TO 03,96.0,New Generation,1984,58 years 01 month,612000.0,227 SERANGOON AVE 4,550227,1.35647098065068,103.871126764494,2026-02-20
215427,2025-12,SERANGOON,4 ROOM,226,SERANGOON AVE 4,10 TO 12,91.0,New Generation,1984,57 years 08 months,670000.0,226 SERANGOON AVE 4,550226,1.35682249995275,103.87085702772,2026-02-20
215397,2025-12,SERANGOON,4 ROOM,235,SERANGOON AVE 3,04 TO 06,105.0,Model A,1985,58 years 06 months,820000.0,235 SERANGOON AVE 3,550235,1.35511076107735,103.869934707698,2026-02-20
215035,2025-12,SENGKANG,5 ROOM,193,RIVERVALE DR,04 TO 06,111.0,Improved,2001,74 years 05 months,665000.0,193 RIVERVALE DR,540193,1.3932795324994,103.901941660487,2026-02-20
214975,2025-12,SENGKANG,5 ROOM,148,RIVERVALE CRES,07 TO 09,116.0,Improved,1999,72 years 08 months,670000.0,148 RIVERVALE CRES,540148,1.39076215487922,103.905195828794,2026-02-20
214974,2025-12,SENGKANG,5 ROOM,142,RIVERVALE CRES,01 TO 03,122.0,Improved,1999,73 years,640000.0,142 RIVERVALE CRES,540142,1.39045415383481,103.905102917752,2026-02-20
214577,2025-12,SENGKANG,5 ROOM,312B,ANCHORVALE LANE,10 TO 12,111.0,Premium Apartment,2002,76 years,648000.0,312B ANCHORVALE LANE,542312,1.39173421861576,103.885497782179,2026-02-20
214713,2025-12,SENGKANG,5 ROOM,296B,COMPASSVALE CRES,01 TO 03,111.0,Improved,2002,75 years 01 month,635000.0,296B COMPASSVALE CRES,542296,1.3976389016057,103.899287408404,2026-02-20
214712,2025-12,SENGKANG,5 ROOM,295C,COMPASSVALE CRES,04 TO 06,110.0,Improved,2002,75 years 04 months,600000.0,295C COMPASSVALE CRES,543295,1.39730007931625,103.899988294316,2026-02-20
214711,2025-12,SENGKANG,5 ROOM,295A,COMPASSVALE CRES,10 TO 12,110.0,Improved,2002,75 years 03 months,670000.0,295A COMPASSVALE CRES,541295,1.39827117432616,103.899278132144,2026-02-20
214673,2025-12,SENGKANG,5 ROOM,274A,COMPASSVALE BOW,10 TO 12,113.0,Improved,2017,90 years 11 months,980000.0,274A COMPASSVALE BOW,541274,1.38155355360941,103.890563070914,2026-02-20
214672,2025-12,SENGKANG,5 ROOM,278A,COMPASSVALE BOW,07 TO 09,113.0,Improved,2017,91 years,996800.0,278A COMPASSVALE BOW,541278,1.38188082172346,103.890295472102,2026-02-20
214671,2025-12,SENGKANG,5 ROOM,274B,COMPASSVALE BOW,13 TO 15,113.0,Improved,2017,91 years,1038000.0,274B COMPASSVALE BOW,542274,1.38192277086883,103.890875719274,2026-02-20
214670,2025-12,SENGKANG,5 ROOM,278A,COMPASSVALE BOW,07 TO 09,112.0,Improved,2017,91 years,955000.0,278A COMPASSVALE BOW,541278,1.38188082172346,103.890295472102,2026-02-20
214659,2025-12,SENGKANG,5 ROOM,330A,ANCHORVALE ST,10 TO 12,112.0,Improved,2015,88 years 09 months,850888.0,330A ANCHORVALE ST,541330,1.39662723563942,103.889865427006,2026-02-20
214651,2025-12,SENGKANG,5 ROOM,315C,ANCHORVALE RD,01 TO 03,110.0,Premium Apartment,2003,76 years 07 months,635000.0,315C ANCHORVALE RD,543315,1.39234414519167,103.888049808731,2026-02-20
214650,2025-12,SENGKANG,5 ROOM,307D,ANCHORVALE RD,07 TO 09,110.0,Improved,2001,74 years 11 months,662000.0,307D ANCHORVALE RD,544307,1.39029890072186,103.886489261901,2026-02-20
214612,2025-12,SENGKANG,5 ROOM,314A,ANCHORVALE LINK,07 TO 09,110.0,Premium Apartment,2003,76 years 05 months,671000.0,314A ANCHORVALE LINK,541314,1.39096346792355,103.889146783177,2026-02-20
214578,2025-12,SENGKANG,5 ROOM,356B,ANCHORVALE LANE,04 TO 06,113.0,Improved,2021,94 years 02 months,860000.0,356B ANCHORVALE LANE,542356,1.39390663331416,103.884506817902,2026-02-20
214546,2025-12,SENGKANG,5 ROOM,301B,ANCHORVALE DR,01 TO 03,110.0,Improved,2001,74 years 10 months,618000.0,301B ANCHORVALE DR,542301,1.38930683858364,103.891098273363,2026-02-20
214734,2025-12,SENGKANG,5 ROOM,204A,COMPASSVALE DR,10 TO 12,110.0,Improved,2000,74 years 01 month,720000.0,204A COMPASSVALE DR,541204,1.38785624696615,103.894681035814,2026-02-20
214528,2025-12,SENGKANG,5 ROOM,336B,ANCHORVALE CRES,04 TO 06,111.0,Premium Apartment,2015,89 years 01 month,840000.0,336B ANCHORVALE CRES,542336,1.39753870318824,103.889080056801,2026-02-20
214527,2025-12,SENGKANG,5 ROOM,338D,ANCHORVALE CRES,07 TO 09,113.0,Improved,2018,91 years 06 months,870000.0,338D ANCHORVALE CRES,544338,1.39970005035247,103.888714059734,2026-02-20
214513,2025-12,SENGKANG,4 ROOM,451A,SENGKANG WEST WAY,19 TO 21,92.0,Model A,2015,88 years 06 months,642888.0,451A SENGKANG WEST WAY,791451,1.39434919388296,103.874053796487,2026-02-20
214512,2025-12,SENGKANG,4 ROOM,432B,SENGKANG WEST WAY,07 TO 09,93.0,Model A,2014,87 years 11 months,630000.0,432B SENGKANG WEST WAY,792432,1.39397232900968,103.877135274753,2026-02-20
214511,2025-12,SENGKANG,4 ROOM,469C,SENGKANG WEST WAY,25 TO 27,93.0,Model A,2016,89 years 09 months,670000.0,469C SENGKANG WEST WAY,793469,1.39632353747039,103.877422028405,2026-02-20
214475,2025-12,SENGKANG,4 ROOM,456B,SENGKANG WEST RD,01 TO 03,93.0,Model A,2020,93 years 10 months,585000.0,456B SENGKANG WEST RD,792456,1.39211572540583,103.869908748735,2026-02-20
214441,2025-12,SENGKANG,4 ROOM,438B,SENGKANG WEST AVE,07 TO 09,94.0,Model A,2011,84 years 02 months,650000.0,438B SENGKANG WEST AVE,792438,1.39274518333866,103.877720031685,2026-02-20
214440,2025-12,SENGKANG,4 ROOM,439A,SENGKANG WEST AVE,07 TO 09,94.0,Model A,2011,84 years 03 months,622500.0,439A SENGKANG WEST AVE,791439,1.39187523087505,103.877855405656,2026-02-20
214439,2025-12,SENGKANG,4 ROOM,439B,SENGKANG WEST AVE,04 TO 06,94.0,Model A,2011,84 years 03 months,600000.0,439B SENGKANG WEST AVE,792439,1.39197653860922,103.878309805797,2026-02-20
214423,2025-12,SENGKANG,4 ROOM,261C,SENGKANG EAST WAY,10 TO 12,90.0,Model A2,2000,73 years 11 months,690000.0,261C SENGKANG EAST WAY,543261,1.39332256079354,103.894891314314,2026-02-20
214411,2025-12,SENGKANG,4 ROOM,280B,SENGKANG EAST AVE,10 TO 12,92.0,Premium Apartment,2015,88 years 08 months,845888.0,280B SENGKANG EAST AVE,542280,1.38616197671749,103.892091814343,2026-02-20
214410,2025-12,SENGKANG,4 ROOM,282B,SENGKANG EAST AVE,13 TO 15,92.0,Premium Apartment,2015,88 years 09 months,860000.0,282B SENGKANG EAST AVE,542282,1.38475821943149,103.891986745715,2026-02-20
214733,2025-12,SENGKANG,5 ROOM,204B,COMPASSVALE DR,07 TO 09,110.0,Improved,2001,74 years 03 months,750000.0,204B COMPASSVALE DR,542204,1.38713574190991,103.894448611174,2026-02-20
214742,2025-12,SENGKANG,5 ROOM,206D,COMPASSVALE LANE,13 TO 15,122.0,Improved,1999,72 years 11 months,700000.0,206D COMPASSVALE LANE,544206,1.38696771906197,103.897260059685,2026-02-20
214933,2025-12,SENGKANG,5 ROOM,471B,FERNVALE ST,07 TO 09,113.0,Improved,2016,89 years 10 months,790000.0,471B FERNVALE ST,792471,1.39649875629749,103.880447337309,2026-02-20
214819,2025-12,SENGKANG,5 ROOM,262A,COMPASSVALE ST,10 TO 12,110.0,Improved,2001,74 years 05 months,735888.0,262A COMPASSVALE ST,541262,1.39554139723917,103.894940558522,2026-02-20
214925,2025-12,SENGKANG,5 ROOM,408A,FERNVALE RD,16 TO 18,115.0,Premium Apartment,2004,78 years 01 month,683000.0,408A FERNVALE RD,791408,1.38876434017521,103.876211939865,2026-02-20
214924,2025-12,SENGKANG,5 ROOM,407B,FERNVALE RD,07 TO 09,110.0,Premium Apartment,2005,78 years 02 months,640000.0,407B FERNVALE RD,792407,1.38899739157777,103.875147967354,2026-02-20
214923,2025-12,SENGKANG,5 ROOM,434B,FERNVALE RD,25 TO 27,113.0,Premium Apartment,2013,86 years 07 months,900000.0,434B FERNVALE RD,792434,1.39460960429021,103.876585517065,2026-02-20
214903,2025-12,SENGKANG,5 ROOM,440C,FERNVALE LINK,25 TO 27,113.0,Improved,2015,88 years 08 months,813000.0,440C FERNVALE LINK,793440,1.39254251803193,103.878161021085,2026-02-20
214902,2025-12,SENGKANG,5 ROOM,430A,FERNVALE LINK,04 TO 06,112.0,Improved,2015,88 years 06 months,740000.0,430A FERNVALE LINK,791430,1.39387016239186,103.878517201425,2026-02-20
214901,2025-12,SENGKANG,5 ROOM,430A,FERNVALE LINK,19 TO 21,115.0,Improved,2015,88 years 06 months,855000.0,430A FERNVALE LINK,791430,1.39387016239186,103.878517201425,2026-02-20
214900,2025-12,SENGKANG,5 ROOM,430A,FERNVALE LINK,19 TO 21,115.0,Improved,2015,88 years 07 months,890000.0,430A FERNVALE LINK,791430,1.39387016239186,103.878517201425,2026-02-20
214862,2025-12,SENGKANG,5 ROOM,403D,FERNVALE LANE,10 TO 12,114.0,Premium Apartment,2004,77 years 06 months,670000.0,403D FERNVALE LANE,794403,1.38821938378892,103.873178887951,2026-02-20
214861,2025-12,SENGKANG,5 ROOM,405C,FERNVALE LANE,22 TO 24,112.0,Premium Apartment,2004,77 years 04 months,720888.0,405C FERNVALE LANE,793405,1.3891946666414,103.873437402619,2026-02-20
214860,2025-12,SENGKANG,5 ROOM,405B,FERNVALE LANE,19 TO 21,112.0,Premium Apartment,2004,77 years 03 months,700000.0,405B FERNVALE LANE,792405,1.38900200354175,103.873670202802,2026-02-20
214859,2025-12,SENGKANG,5 ROOM,404A,FERNVALE LANE,04 TO 06,112.0,Premium Apartment,2004,77 years 05 months,615000.0,404A FERNVALE LANE,791404,1.38834821726981,103.873814853605,2026-02-20
214842,2025-12,SENGKANG,5 ROOM,235,COMPASSVALE WALK,13 TO 15,120.0,Improved,1999,72 years 07 months,720000.0,235 COMPASSVALE WALK,540235,1.39090009571305,103.899536487957,2026-02-20
214790,2025-12,SENGKANG,5 ROOM,244,COMPASSVALE RD,01 TO 03,115.0,Improved,2000,73 years 09 months,620000.0,244 COMPASSVALE RD,540244,1.3933790323047,103.898887106585,2026-02-20
214743,2025-12,SENGKANG,5 ROOM,207B,COMPASSVALE LANE,01 TO 03,110.0,Improved,2005,78 years 03 months,633000.0,207B COMPASSVALE LANE,543207,1.38496286333898,103.898227965835,2026-02-20
214789,2025-12,SENGKANG,5 ROOM,259C,COMPASSVALE RD,10 TO 12,110.0,Improved,2000,74 years,735000.0,259C COMPASSVALE RD,543259,1.3933884601797,103.898081358537,2026-02-20
214788,2025-12,SENGKANG,5 ROOM,203B,COMPASSVALE RD,13 TO 15,110.0,Improved,2001,74 years 03 months,720000.0,203B COMPASSVALE RD,542203,1.38689909846857,103.894771744264,2026-02-20
214787,2025-12,SENGKANG,5 ROOM,203E,COMPASSVALE RD,10 TO 12,110.0,Improved,2000,74 years,742888.0,203E COMPASSVALE RD,545203,1.38795018771966,103.895779285387,2026-02-20
214786,2025-12,SENGKANG,5 ROOM,203B,COMPASSVALE RD,07 TO 09,110.0,Improved,2001,74 years 03 months,650000.0,203B COMPASSVALE RD,542203,1.38689909846857,103.894771744264,2026-02-20
214785,2025-12,SENGKANG,5 ROOM,259C,COMPASSVALE RD,01 TO 03,110.0,Improved,2000,74 years 01 month,617500.0,259C COMPASSVALE RD,543259,1.3933884601797,103.898081358537,2026-02-20
214784,2025-12,SENGKANG,5 ROOM,244,COMPASSVALE RD,13 TO 15,116.0,Improved,2000,73 years 09 months,695000.0,244 COMPASSVALE RD,540244,1.3933790323047,103.898887106585,2026-02-20
214759,2025-12,SENGKANG,5 ROOM,267A,COMPASSVALE LINK,07 TO 09,110.0,Premium Apartment,2006,79 years 03 months,800000.0,267A COMPASSVALE LINK,541267,1.38295233185929,103.897862620782,2026-02-20
214758,2025-12,SENGKANG,5 ROOM,268C,COMPASSVALE LINK,04 TO 06,110.0,Premium Apartment,2006,79 years 03 months,790000.0,268C COMPASSVALE LINK,543268,1.38476706087905,103.895957786939,2026-02-20
214757,2025-12,SENGKANG,5 ROOM,268A,COMPASSVALE LINK,13 TO 15,110.0,Premium Apartment,2006,79 years 03 months,865000.0,268A COMPASSVALE LINK,541268,1.38416869382668,103.896647916276,2026-02-20
214746,2025-12,SENGKANG,5 ROOM,206C,COMPASSVALE LANE,10 TO 12,122.0,Improved,1999,72 years 09 months,740000.0,206C COMPASSVALE LANE,543206,1.38681829811425,103.897547410011,2026-02-20
214745,2025-12,SENGKANG,5 ROOM,206D,COMPASSVALE LANE,01 TO 03,122.0,Improved,1999,72 years 09 months,665000.0,206D COMPASSVALE LANE,544206,1.38696771906197,103.897260059685,2026-02-20
214744,2025-12,SENGKANG,5 ROOM,206B,COMPASSVALE LANE,13 TO 15,123.0,Improved,1999,72 years 08 months,755000.0,206B COMPASSVALE LANE,542206,1.38743807067892,103.896932112772,2026-02-20
212443,2025-12,SEMBAWANG,4 ROOM,490,ADMIRALTY LINK,13 TO 15,94.0,Model A,2010,83 years 09 months,585000.0,490 ADMIRALTY LINK,750490,1.45529973571916,103.817240683169,2026-02-20
212362,2025-12,SEMBAWANG,3 ROOM,590B,MONTREAL LINK,01 TO 03,68.0,Model A,2015,88 years 05 months,470000.0,590B MONTREAL LINK,752590,1.45008621870701,103.827067209255,2026-02-20
209152,2025-12,KALLANG/WHAMPOA,5 ROOM,108B,MCNAIR RD,25 TO 27,119.0,Improved,2004,77 years 11 months,1220000.0,108B MCNAIR RD,323108,1.31998124429925,103.859005144914,2026-02-20
210839,2025-12,PUNGGOL,4 ROOM,195B,PUNGGOL RD,07 TO 09,90.0,Premium Apartment,2007,80 years 09 months,625888.0,195B PUNGGOL RD,822195,1.40137201164347,103.906485652921,2026-02-20
210233,2025-12,PUNGGOL,3 ROOM,224A,SUMANG LANE,10 TO 12,68.0,Model A,2018,92 years 01 month,575888.0,224A SUMANG LANE,821224,1.40195144648238,103.892808462281,2026-02-20
210202,2025-12,PUNGGOL,3 ROOM,315B,PUNGGOL WAY,13 TO 15,68.0,Premium Apartment,2017,90 years 10 months,625000.0,315B PUNGGOL WAY,822315,1.40795602683384,103.896400767911,2026-02-20
210189,2025-12,PUNGGOL,3 ROOM,211A,PUNGGOL WALK,16 TO 18,67.0,Model A,2014,87 years 04 months,575000.0,211A PUNGGOL WALK,821211,1.40175984290477,103.899944356053,2026-02-20
210188,2025-12,PUNGGOL,3 ROOM,212B,PUNGGOL WALK,07 TO 09,67.0,Model A,2015,88 years 05 months,568000.0,212B PUNGGOL WALK,822212,1.40040423922635,103.899484284229,2026-02-20
210167,2025-12,PUNGGOL,3 ROOM,604C,PUNGGOL RD,01 TO 03,68.0,Model A,2012,85 years 11 months,514000.0,604C PUNGGOL RD,823604,1.40366537588463,103.907532294779,2026-02-20
210165,2025-12,PUNGGOL,3 ROOM,210C,PUNGGOL PL,07 TO 09,67.0,Model A,2014,88 years 01 month,530000.0,210C PUNGGOL PL,823210,1.39965440414761,103.899915641085,2026-02-20
210134,2025-12,PUNGGOL,3 ROOM,665C,PUNGGOL DR,10 TO 12,68.0,Premium Apartment,2016,89 years 03 months,575000.0,665C PUNGGOL DR,823665,1.40149164608042,103.914459128885,2026-02-20
210122,2025-12,PUNGGOL,3 ROOM,601D,PUNGGOL CTRL,13 TO 15,70.0,Model A,2012,85 years 08 months,528000.0,601D PUNGGOL CTRL,824601,1.40296400750639,103.907847415747,2026-02-20
210104,2025-12,PUNGGOL,3 ROOM,670C,EDGEFIELD PLAINS,13 TO 15,68.0,Premium Apartment,2016,89 years 07 months,550000.0,670C EDGEFIELD PLAINS,823670,1.40534285786675,103.913933278721,2026-02-20
210088,2025-12,PUNGGOL,3 ROOM,683B,EDGEDALE PLAINS,07 TO 09,68.0,Premium Apartment,2018,91 years 09 months,540000.0,683B EDGEDALE PLAINS,822683,1.40470105849924,103.91498813455,2026-02-20
210066,2025-12,PUNGGOL,2 ROOM,233A,SUMANG LANE,16 TO 18,47.0,Model A,2018,91 years 11 months,405000.0,233A SUMANG LANE,821233,1.40158066096097,103.890310335343,2026-02-20
210065,2025-12,PUNGGOL,2 ROOM,232C,SUMANG LANE,04 TO 06,38.0,2-room,2018,92 years,360000.0,232C SUMANG LANE,823232,1.40203576124081,103.890116621791,2026-02-20
210064,2025-12,PUNGGOL,2 ROOM,232C,SUMANG LANE,13 TO 15,47.0,Model A,2018,92 years,402000.0,232C SUMANG LANE,823232,1.40203576124081,103.890116621791,2026-02-20
210031,2025-12,PUNGGOL,2 ROOM,601C,PUNGGOL CTRL,01 TO 03,50.0,Model A,2012,85 years 08 months,375000.0,601C PUNGGOL CTRL,823601,1.40267896973516,103.908106143006,2026-02-20
210030,2025-12,PUNGGOL,2 ROOM,601C,PUNGGOL CTRL,07 TO 09,50.0,Model A,2012,85 years 08 months,415000.0,601C PUNGGOL CTRL,823601,1.40267896973516,103.908106143006,2026-02-20
210029,2025-12,PUNGGOL,2 ROOM,622C,PUNGGOL CTRL,13 TO 15,46.0,Model A,2014,87 years 05 months,385000.0,622C PUNGGOL CTRL,823622,1.4006620149821,103.910914385755,2026-02-20
210019,2025-12,PUNGGOL,2 ROOM,408C,NORTHSHORE DR,04 TO 06,47.0,Model A,2021,94 years 06 months,390000.0,408C NORTHSHORE DR,823408,1.41748872365516,103.903634151773,2026-02-20
210018,2025-12,PUNGGOL,2 ROOM,405B,NORTHSHORE DR,13 TO 15,47.0,Model A,2021,94 years 06 months,451888.0,405B NORTHSHORE DR,822405,1.41606976127308,103.901828257181,2026-02-20
209991,2025-12,PASIR RIS,EXECUTIVE,778,PASIR RIS ST 71,01 TO 03,144.0,Apartment,1996,69 years 09 months,860000.0,778 PASIR RIS ST 71,510778,1.37441693620286,103.938207401151,2026-02-20
209986,2025-12,PASIR RIS,EXECUTIVE,585,PASIR RIS ST 53,07 TO 09,145.0,Maisonette,1995,68 years 10 months,1090000.0,585 PASIR RIS ST 53,510585,1.37535084700775,103.947376563493,2026-02-20
209985,2025-12,PASIR RIS,EXECUTIVE,581,PASIR RIS ST 53,01 TO 03,147.0,Apartment,1995,68 years 11 months,925000.0,581 PASIR RIS ST 53,510581,1.37494172826975,103.946619114452,2026-02-20
209978,2025-12,PASIR RIS,EXECUTIVE,506,PASIR RIS ST 52,01 TO 03,145.0,Apartment,1993,66 years 09 months,915000.0,506 PASIR RIS ST 52,510506,1.37698794094569,103.944846221514,2026-02-20
209965,2025-12,PASIR RIS,EXECUTIVE,544,PASIR RIS ST 51,01 TO 03,144.0,Apartment,1992,66 years,910000.0,544 PASIR RIS ST 51,510544,1.36898105704567,103.952193730257,2026-02-20
209964,2025-12,PASIR RIS,EXECUTIVE,544,PASIR RIS ST 51,07 TO 09,144.0,Apartment,1992,65 years 11 months,965000.0,544 PASIR RIS ST 51,510544,1.36898105704567,103.952193730257,2026-02-20
209963,2025-12,PASIR RIS,EXECUTIVE,549,PASIR RIS ST 51,04 TO 06,148.0,Maisonette,1992,65 years 11 months,973000.0,549 PASIR RIS ST 51,510549,1.36786628480992,103.953507129107,2026-02-20
209951,2025-12,PASIR RIS,EXECUTIVE,239,PASIR RIS ST 21,10 TO 12,146.0,Apartment,1993,66 years 08 months,905000.0,239 PASIR RIS ST 21,510239,1.37319323483764,103.963384554912,2026-02-20
209950,2025-12,PASIR RIS,EXECUTIVE,244,PASIR RIS ST 21,04 TO 06,145.0,Apartment,1993,66 years 08 months,840000.0,244 PASIR RIS ST 21,510244,1.37145484462509,103.963382896053,2026-02-20
210234,2025-12,PUNGGOL,3 ROOM,221A,SUMANG LANE,04 TO 06,68.0,Model A,2018,92 years 01 month,555000.0,221A SUMANG LANE,821221,1.40098554950776,103.89567454466,2026-02-20
210235,2025-12,PUNGGOL,3 ROOM,232C,SUMANG LANE,04 TO 06,68.0,Model A,2018,91 years 11 months,525000.0,232C SUMANG LANE,823232,1.40203576124081,103.890116621791,2026-02-20
210272,2025-12,PUNGGOL,3 ROOM,322D,SUMANG WALK,16 TO 18,68.0,Premium Apartment,2019,92 years 04 months,570000.0,322D SUMANG WALK,824322,1.41003628713147,103.896380211581,2026-02-20
210490,2025-12,PUNGGOL,4 ROOM,602A,PUNGGOL CTRL,10 TO 12,93.0,Model A,2012,85 years 07 months,661888.0,602A PUNGGOL CTRL,821602,1.40348053779097,103.907117403756,2026-02-20
210805,2025-12,PUNGGOL,4 ROOM,288A,PUNGGOL PL,04 TO 06,99.0,Premium Apartment,2013,86 years 04 months,750000.0,288A PUNGGOL PL,821288,1.40237799447767,103.903039523309,2026-02-20
210804,2025-12,PUNGGOL,4 ROOM,274C,PUNGGOL PL,16 TO 18,94.0,Premium Apartment,2013,86 years 08 months,787000.0,274C PUNGGOL PL,823274,1.4032584306282,103.902008676006,2026-02-20
210803,2025-12,PUNGGOL,4 ROOM,210B,PUNGGOL PL,01 TO 03,92.0,Model A,2014,88 years,588000.0,210B PUNGGOL PL,822210,1.40018624466167,103.900097012053,2026-02-20
210802,2025-12,PUNGGOL,4 ROOM,301D,PUNGGOL PL,01 TO 03,93.0,Premium Apartment,2011,84 years 04 months,682000.0,301D PUNGGOL PL,824301,1.4044481482323,103.905429569646,2026-02-20
210715,2025-12,PUNGGOL,4 ROOM,268A,PUNGGOL FIELD,10 TO 12,93.0,Premium Apartment,2013,86 years 02 months,710000.0,268A PUNGGOL FIELD,821268,1.40411150558105,103.89739889357,2026-02-20
210714,2025-12,PUNGGOL,4 ROOM,199D,PUNGGOL FIELD,04 TO 06,90.0,Model A,2003,76 years 07 months,582888.0,199D PUNGGOL FIELD,824199,1.40045544227107,103.906207948142,2026-02-20
210713,2025-12,PUNGGOL,4 ROOM,173B,PUNGGOL FIELD,13 TO 15,90.0,Model A,2003,77 years 01 month,625000.0,173B PUNGGOL FIELD,822173,1.3965502672863,103.910063026454,2026-02-20
210712,2025-12,PUNGGOL,4 ROOM,268C,PUNGGOL FIELD,16 TO 18,97.0,Premium Apartment,2013,86 years 02 months,772000.0,268C PUNGGOL FIELD,823268,1.40347414894291,103.897938437602,2026-02-20
210610,2025-12,PUNGGOL,4 ROOM,306D,PUNGGOL DR,10 TO 12,97.0,Premium Apartment,2012,85 years 08 months,760000.0,306D PUNGGOL DR,824306,1.40608143462906,103.906438377943,2026-02-20
210609,2025-12,PUNGGOL,4 ROOM,666A,PUNGGOL DR,07 TO 09,93.0,Premium Apartment,2016,89 years 03 months,730000.0,666A PUNGGOL DR,821666,1.40153631153053,103.915077974858,2026-02-20
210608,2025-12,PUNGGOL,4 ROOM,663C,PUNGGOL DR,13 TO 15,90.0,Model A,2016,89 years 07 months,645000.0,663C PUNGGOL DR,823663,1.40036549350585,103.91763192338,2026-02-20
210607,2025-12,PUNGGOL,4 ROOM,612B,PUNGGOL DR,04 TO 06,93.0,Model A,2012,86 years 01 month,658000.0,612B PUNGGOL DR,822612,1.40493858379942,103.908157161266,2026-02-20
210489,2025-12,PUNGGOL,4 ROOM,297,PUNGGOL CTRL,13 TO 15,95.0,Premium Apartment,2003,76 years 11 months,644888.0,297 PUNGGOL CTRL,820297,1.40219121316972,103.905451936385,2026-02-20
210273,2025-12,PUNGGOL,3 ROOM,327C,SUMANG WALK,10 TO 12,68.0,Model A,2018,92 years,578000.0,327C SUMANG WALK,823327,1.41206930290767,103.899974279726,2026-02-20
210488,2025-12,PUNGGOL,4 ROOM,165A,PUNGGOL CTRL,07 TO 09,95.0,Premium Apartment,2004,77 years 06 months,608000.0,165A PUNGGOL CTRL,821165,1.39499896632261,103.914754330362,2026-02-20
210435,2025-12,PUNGGOL,4 ROOM,409A,NORTHSHORE DR,13 TO 15,94.0,Model A,2021,94 years 06 months,760000.0,409A NORTHSHORE DR,821409,1.41721444322017,103.902200329239,2026-02-20
210434,2025-12,PUNGGOL,4 ROOM,408A,NORTHSHORE DR,19 TO 21,94.0,Model A,2021,94 years 06 months,758000.0,408A NORTHSHORE DR,821408,1.41694537672572,103.902802098058,2026-02-20
210433,2025-12,PUNGGOL,4 ROOM,409A,NORTHSHORE DR,22 TO 24,94.0,Model A,2021,94 years 06 months,768000.0,409A NORTHSHORE DR,821409,1.41721444322017,103.902200329239,2026-02-20
210432,2025-12,PUNGGOL,4 ROOM,405B,NORTHSHORE DR,19 TO 21,94.0,Model A,2021,94 years 06 months,750000.0,405B NORTHSHORE DR,822405,1.41606976127308,103.901828257181,2026-02-20
210400,2025-12,PUNGGOL,4 ROOM,669B,EDGEFIELD PLAINS,16 TO 18,93.0,Premium Apartment,2016,89 years 07 months,705000.0,669B EDGEFIELD PLAINS,822669,1.40453606912894,103.914012816111,2026-02-20
210399,2025-12,PUNGGOL,4 ROOM,669B,EDGEFIELD PLAINS,10 TO 12,93.0,Premium Apartment,2016,89 years 07 months,718000.0,669B EDGEFIELD PLAINS,822669,1.40453606912894,103.914012816111,2026-02-20
210339,2025-12,PUNGGOL,4 ROOM,120A,EDGEDALE PLAINS,10 TO 12,93.0,Model A,2017,90 years 05 months,638000.0,120A EDGEDALE PLAINS,821120,1.39451217943806,103.907964274268,2026-02-20
210338,2025-12,PUNGGOL,4 ROOM,684D,EDGEDALE PLAINS,04 TO 06,93.0,Premium Apartment,2018,91 years 08 months,725000.0,684D EDGEDALE PLAINS,824684,1.40365173571937,103.914094838628,2026-02-20
210337,2025-12,PUNGGOL,4 ROOM,138,EDGEDALE PLAINS,01 TO 03,90.0,Premium Apartment,2003,77 years,565000.0,138 EDGEDALE PLAINS,820138,1.39277115890643,103.909796213697,2026-02-20
210336,2025-12,PUNGGOL,4 ROOM,683C,EDGEDALE PLAINS,10 TO 12,93.0,Premium Apartment,2018,91 years 09 months,675000.0,683C EDGEDALE PLAINS,823683,1.40407354883276,103.914648681819,2026-02-20
210274,2025-12,PUNGGOL,3 ROOM,325B,SUMANG WALK,13 TO 15,68.0,Premium Apartment,2020,93 years 02 months,578000.0,325B SUMANG WALK,822325,1.41312136591979,103.897927310379,2026-02-20
209914,2025-12,PASIR RIS,EXECUTIVE,101,PASIR RIS ST 12,04 TO 06,146.0,Maisonette,1988,62 years,932000.0,101 PASIR RIS ST 12,510101,1.36705021516612,103.958181857039,2026-02-20
209909,2025-12,PASIR RIS,EXECUTIVE,134,PASIR RIS ST 11,07 TO 09,152.0,Apartment,1994,67 years 05 months,835000.0,134 PASIR RIS ST 11,510134,1.36515238365719,103.956349944243,2026-02-20
209863,2025-12,PASIR RIS,EXECUTIVE,603,ELIAS RD,04 TO 06,150.0,Maisonette,1995,68 years 04 months,990000.0,603 ELIAS RD,510603,1.37685178454262,103.943718967412,2026-02-20
209399,2025-12,PASIR RIS,3 ROOM,527B,PASIR RIS ST 51,04 TO 06,68.0,Model A,2015,88 years 08 months,600000.0,527B PASIR RIS ST 51,512527,1.36899453114432,103.947710069014,2026-02-20
209562,2025-12,PASIR RIS,4 ROOM,257,PASIR RIS ST 21,07 TO 09,106.0,Model A,1993,67 years 01 month,550000.0,257 PASIR RIS ST 21,510257,1.36705970665564,103.96369794683,2026-02-20
209561,2025-12,PASIR RIS,4 ROOM,229,PASIR RIS ST 21,10 TO 12,107.0,Model A,1993,66 years 08 months,631000.0,229 PASIR RIS ST 21,510229,1.37268934784977,103.961780559341,2026-02-20
209550,2025-12,PASIR RIS,4 ROOM,148,PASIR RIS ST 13,04 TO 06,109.0,Model A,1995,68 years 03 months,595000.0,148 PASIR RIS ST 13,510148,1.36226599374262,103.962078643998,2026-02-20
209547,2025-12,PASIR RIS,4 ROOM,105,PASIR RIS ST 12,04 TO 06,108.0,Model A,1989,62 years 03 months,650000.0,105 PASIR RIS ST 12,510105,1.36843792148695,103.957538790848,2026-02-20
209534,2025-12,PASIR RIS,4 ROOM,114,PASIR RIS ST 11,04 TO 06,94.0,New Generation,1989,62 years 07 months,585000.0,114 PASIR RIS ST 11,510114,1.36845058392966,103.954961424604,2026-02-20
209533,2025-12,PASIR RIS,4 ROOM,109,PASIR RIS ST 11,10 TO 12,111.0,Model A,1990,63 years 10 months,610000.0,109 PASIR RIS ST 11,510109,1.3684636800666,103.956009070114,2026-02-20
209502,2025-12,PASIR RIS,4 ROOM,452,PASIR RIS DR 6,10 TO 12,114.0,Model A,1989,62 years 09 months,696888.0,452 PASIR RIS DR 6,510452,1.37148475368544,103.957361138968,2026-02-20
209501,2025-12,PASIR RIS,4 ROOM,421,PASIR RIS DR 6,10 TO 12,113.0,Model A,1989,62 years 08 months,710000.0,421 PASIR RIS DR 6,510421,1.37110521918972,103.954876767473,2026-02-20
209500,2025-12,PASIR RIS,4 ROOM,423,PASIR RIS DR 6,07 TO 09,104.0,Model A,1989,62 years 11 months,640000.0,423 PASIR RIS DR 6,510423,1.3701664165127,103.954785587471,2026-02-20
209499,2025-12,PASIR RIS,4 ROOM,412,PASIR RIS DR 6,13 TO 15,113.0,Model A,1989,62 years 11 months,706888.0,412 PASIR RIS DR 6,510412,1.37338314330641,103.955097085831,2026-02-20
209463,2025-12,PASIR RIS,4 ROOM,479,PASIR RIS DR 4,07 TO 09,106.0,Model A,1992,66 years,636888.0,479 PASIR RIS DR 4,510479,1.37517714700663,103.959207233132,2026-02-20
209433,2025-12,PASIR RIS,4 ROOM,639,PASIR RIS DR 1,10 TO 12,104.0,Model A,1995,68 years 07 months,600000.0,639 PASIR RIS DR 1,510639,1.3766676965195,103.939880592625,2026-02-20
209361,2025-12,MARINE PARADE,5 ROOM,12,MARINE TER,01 TO 03,120.0,Standard,1975,48 years 02 months,790000.0,12 MARINE TER,440012,1.30460708550376,103.915739855584,2026-02-20
209595,2025-12,PASIR RIS,4 ROOM,559,PASIR RIS ST 51,07 TO 09,104.0,Model A,1993,66 years 10 months,568000.0,559 PASIR RIS ST 51,510559,1.36646097090434,103.951698693315,2026-02-20
209345,2025-12,MARINE PARADE,5 ROOM,73,MARINE DR,19 TO 21,120.0,Standard,1977,50 years 02 months,1238888.0,73 MARINE DR,440073,1.30380541604563,103.908362369014,2026-02-20
209310,2025-12,MARINE PARADE,4 ROOM,61,MARINE DR,04 TO 06,87.0,Improved,1976,49 years 02 months,675000.0,61 MARINE DR,440061,1.30309348569558,103.908751531623,2026-02-20
209309,2025-12,MARINE PARADE,4 ROOM,75,MARINE DR,01 TO 03,82.0,Improved,1976,49 years 07 months,640000.0,75 MARINE DR,440075,1.30337032890276,103.907439956881,2026-02-20
209287,2025-12,MARINE PARADE,3 ROOM,7,MARINE TER,04 TO 06,70.0,Improved,1975,48 years 02 months,450000.0,7 MARINE TER,440007,1.30409794254107,103.917275409766,2026-02-20
209286,2025-12,MARINE PARADE,3 ROOM,57,MARINE TER,01 TO 03,65.0,Improved,1975,48 years 06 months,482000.0,57 MARINE TER,440057,1.30651257347314,103.915484799847,2026-02-20
209252,2025-12,MARINE PARADE,3 ROOM,65,MARINE DR,10 TO 12,65.0,Improved,1976,49 years 03 months,520000.0,65 MARINE DR,440065,1.30340547617434,103.909734447292,2026-02-20
209251,2025-12,MARINE PARADE,3 ROOM,66,MARINE DR,10 TO 12,65.0,Improved,1976,49 years 04 months,495000.0,66 MARINE DR,440066,1.30391193028103,103.909740471499,2026-02-20
209250,2025-12,MARINE PARADE,3 ROOM,67,MARINE DR,10 TO 12,65.0,Improved,1976,49 years 04 months,500000.0,67 MARINE DR,440067,1.30445743674353,103.909602924396,2026-02-20
209230,2025-12,MARINE PARADE,3 ROOM,33,MARINE CRES,13 TO 15,65.0,Improved,1975,48 years 06 months,518000.0,33 MARINE CRES,440033,1.30264896606627,103.912184784558,2026-02-20
209201,2025-12,MARINE PARADE,2 ROOM,16,MARINE TER,13 TO 15,43.0,Improved,1975,48 years 04 months,318000.0,16 MARINE TER,440016,1.30437184984083,103.914041662117,2026-02-20
209178,2025-12,KALLANG/WHAMPOA,5 ROOM,104,WHAMPOA DR,04 TO 06,119.0,Improved,1998,71 years 11 months,918888.0,104 WHAMPOA DR,323104,1.3207995912383,103.853327785421,2026-02-20
209176,2025-12,KALLANG/WHAMPOA,5 ROOM,8B,UPP BOON KENG RD,25 TO 27,117.0,Premium Apartment,2017,90 years 08 months,1450000.0,8B UPP BOON KENG RD,382008,1.31234447247543,103.869898299245,2026-02-20
209594,2025-12,PASIR RIS,4 ROOM,526B,PASIR RIS ST 51,10 TO 12,93.0,Model A,2015,88 years 08 months,742000.0,526B PASIR RIS ST 51,512526,1.36789275657772,103.947032722415,2026-02-20
209596,2025-12,PASIR RIS,4 ROOM,524B,PASIR RIS ST 51,07 TO 09,93.0,Model A,2015,88 years 08 months,780000.0,524B PASIR RIS ST 51,512524,1.37093178459665,103.947562573809,2026-02-20
209862,2025-12,PASIR RIS,EXECUTIVE,609,ELIAS RD,10 TO 12,149.0,Apartment,1995,68 years 08 months,978000.0,609 ELIAS RD,510609,1.37548734417666,103.942727425752,2026-02-20
209747,2025-12,PASIR RIS,5 ROOM,104,PASIR RIS ST 12,10 TO 12,122.0,Improved,1989,62 years 05 months,715000.0,104 PASIR RIS ST 12,510104,1.36795278578738,103.958702642513,2026-02-20
209846,2025-12,PASIR RIS,5 ROOM,749,PASIR RIS ST 71,07 TO 09,127.0,Improved,1996,70 years,753000.0,749 PASIR RIS ST 71,510749,1.37833993791738,103.934276500207,2026-02-20
209845,2025-12,PASIR RIS,5 ROOM,746,PASIR RIS ST 71,13 TO 15,126.0,Improved,1996,70 years,795000.0,746 PASIR RIS ST 71,510746,1.37860702854688,103.935156189799,2026-02-20
209844,2025-12,PASIR RIS,5 ROOM,748,PASIR RIS ST 71,04 TO 06,126.0,Improved,1996,70 years,680000.0,748 PASIR RIS ST 71,510748,1.37850680268582,103.934795695239,2026-02-20
209843,2025-12,PASIR RIS,5 ROOM,746,PASIR RIS ST 71,13 TO 15,127.0,Improved,1996,70 years,720000.0,746 PASIR RIS ST 71,510746,1.37860702854688,103.935156189799,2026-02-20
209813,2025-12,PASIR RIS,5 ROOM,570,PASIR RIS ST 53,04 TO 06,126.0,Improved,1995,68 years 11 months,818000.0,570 PASIR RIS ST 53,510570,1.37276905622506,103.946510452269,2026-02-20
209801,2025-12,PASIR RIS,5 ROOM,525A,PASIR RIS ST 51,10 TO 12,113.0,Improved,2015,88 years 08 months,965000.0,525A PASIR RIS ST 51,511525,1.36919989142635,103.947298306263,2026-02-20
209775,2025-12,PASIR RIS,5 ROOM,254,PASIR RIS ST 21,07 TO 09,126.0,Improved,1993,67 years 01 month,732000.0,254 PASIR RIS ST 21,510254,1.36814325057353,103.963819400058,2026-02-20
209774,2025-12,PASIR RIS,5 ROOM,227,PASIR RIS ST 21,13 TO 15,127.0,Improved,1993,66 years 08 months,748000.0,227 PASIR RIS ST 21,510227,1.37166868291671,103.961763681659,2026-02-20
209773,2025-12,PASIR RIS,5 ROOM,273,PASIR RIS ST 21,07 TO 09,127.0,Improved,1994,67 years 05 months,710000.0,273 PASIR RIS ST 21,510273,1.36484627527981,103.964113174726,2026-02-20
209772,2025-12,PASIR RIS,5 ROOM,257,PASIR RIS ST 21,01 TO 03,131.0,Improved,1993,67 years 01 month,700000.0,257 PASIR RIS ST 21,510257,1.36705970665564,103.96369794683,2026-02-20
209749,2025-12,PASIR RIS,5 ROOM,199,PASIR RIS ST 12,07 TO 09,125.0,Improved,1993,66 years 10 months,710000.0,199 PASIR RIS ST 12,510199,1.36734267382393,103.959675966403,2026-02-20
209748,2025-12,PASIR RIS,5 ROOM,190,PASIR RIS ST 12,10 TO 12,123.0,Improved,1993,66 years 10 months,715000.0,190 PASIR RIS ST 12,510190,1.36552479300537,103.958657337254,2026-02-20
209746,2025-12,PASIR RIS,5 ROOM,188,PASIR RIS ST 12,10 TO 12,124.0,Improved,1993,66 years 10 months,748000.0,188 PASIR RIS ST 12,510188,1.36529812070636,103.959160173062,2026-02-20
209597,2025-12,PASIR RIS,4 ROOM,526C,PASIR RIS ST 51,10 TO 12,93.0,Model A,2015,88 years 08 months,768000.0,526C PASIR RIS ST 51,513526,1.36829430551953,103.947266008776,2026-02-20
209732,2025-12,PASIR RIS,5 ROOM,127,PASIR RIS ST 11,04 TO 06,123.0,Improved,1989,62 years 07 months,680000.0,127 PASIR RIS ST 11,510127,1.36589316333354,103.955221658333,2026-02-20
209695,2025-12,PASIR RIS,5 ROOM,231,PASIR RIS DR 4,01 TO 03,130.0,Improved,1993,66 years 08 months,710000.0,231 PASIR RIS DR 4,510231,1.37337990743405,103.961401813164,2026-02-20
209694,2025-12,PASIR RIS,5 ROOM,234,PASIR RIS DR 4,07 TO 09,128.0,Improved,1993,66 years 08 months,705000.0,234 PASIR RIS DR 4,510234,1.37328803650135,103.961830001962,2026-02-20
209693,2025-12,PASIR RIS,5 ROOM,482,PASIR RIS DR 4,01 TO 03,122.0,Improved,1989,63 years,680000.0,482 PASIR RIS DR 4,510482,1.37375879162392,103.95971509662,2026-02-20
209682,2025-12,PASIR RIS,5 ROOM,629,PASIR RIS DR 3,07 TO 09,121.0,Improved,1995,68 years 06 months,728888.0,629 PASIR RIS DR 3,510629,1.37900666267017,103.940572426576,2026-02-20
209681,2025-12,PASIR RIS,5 ROOM,630,PASIR RIS DR 3,01 TO 03,121.0,Improved,1995,68 years 07 months,700000.0,630 PASIR RIS DR 3,510630,1.3783821527515,103.941096778597,2026-02-20
209659,2025-12,PASIR RIS,5 ROOM,612,ELIAS RD,10 TO 12,128.0,Improved,1995,68 years 08 months,780000.0,612 ELIAS RD,510612,1.3746298510128,103.942021009739,2026-02-20
209644,2025-12,PASIR RIS,4 ROOM,760,PASIR RIS ST 71,07 TO 09,105.0,Model A,1996,69 years 10 months,600000.0,760 PASIR RIS ST 71,510760,1.37640020264297,103.933539788895,2026-02-20
209643,2025-12,PASIR RIS,4 ROOM,753,PASIR RIS ST 71,04 TO 06,106.0,Model A,1996,70 years,610000.0,753 PASIR RIS ST 71,510753,1.37715617697613,103.934482322299,2026-02-20
209642,2025-12,PASIR RIS,4 ROOM,747,PASIR RIS ST 71,04 TO 06,105.0,Model A,1996,70 years,598000.0,747 PASIR RIS ST 71,510747,1.37922082554389,103.934555833334,2026-02-20
209606,2025-12,PASIR RIS,4 ROOM,517,PASIR RIS ST 52,10 TO 12,109.0,Model A,1993,67 years,680000.0,517 PASIR RIS ST 52,510517,1.37468101222365,103.943850333671,2026-02-20
209605,2025-12,PASIR RIS,4 ROOM,514,PASIR RIS ST 52,01 TO 03,104.0,Model A,1993,67 years 01 month,628000.0,514 PASIR RIS ST 52,510514,1.37460129469019,103.943139291069,2026-02-20
210838,2025-12,PUNGGOL,4 ROOM,195B,PUNGGOL RD,13 TO 15,90.0,Premium Apartment,2007,80 years 09 months,638000.0,195B PUNGGOL RD,822195,1.40137201164347,103.906485652921,2026-02-20
210840,2025-12,PUNGGOL,4 ROOM,603B,PUNGGOL RD,04 TO 06,92.0,Model A,2012,85 years 09 months,635000.0,603B PUNGGOL RD,822603,1.40314294041732,103.908316260563,2026-02-20
212349,2025-12,SEMBAWANG,3 ROOM,115D,CANBERRA WALK,07 TO 09,68.0,Model A,2018,91 years 09 months,550000.0,115D CANBERRA WALK,754115,1.44554357187768,103.828991632152,2026-02-20
210841,2025-12,PUNGGOL,4 ROOM,604A,PUNGGOL RD,07 TO 09,92.0,Model A,2012,85 years 10 months,672000.0,604A PUNGGOL RD,821604,1.40430971677833,103.907412637205,2026-02-20
211983,2025-12,QUEENSTOWN,4 ROOM,20,QUEEN'S CL,10 TO 12,107.0,Model A,1996,69 years 11 months,838000.0,20 QUEEN'S CL,140020,1.29275007138267,103.799935877832,2026-02-20
211973,2025-12,QUEENSTOWN,4 ROOM,18C,HOLLAND DR,19 TO 21,92.0,Model A,2012,85 years 10 months,1218000.0,18C HOLLAND DR,274018,1.31031629242811,103.791738859624,2026-02-20
211972,2025-12,QUEENSTOWN,4 ROOM,18B,HOLLAND DR,01 TO 03,87.0,Model A,2012,85 years 10 months,1018000.0,18B HOLLAND DR,273018,1.31101768983656,103.791451916991,2026-02-20
211964,2025-12,QUEENSTOWN,4 ROOM,6,HOLLAND CL,22 TO 24,86.0,Improved,1974,47 years 05 months,668000.0,6 HOLLAND CL,271006,1.30711568626095,103.795264617136,2026-02-20
211948,2025-12,QUEENSTOWN,4 ROOM,28,GHIM MOH LINK,22 TO 24,92.0,Model A,2013,86 years 05 months,1020000.0,28 GHIM MOH LINK,270028,1.30887985026284,103.784802916649,2026-02-20
211947,2025-12,QUEENSTOWN,4 ROOM,27,GHIM MOH LINK,04 TO 06,87.0,Model A,2013,86 years 05 months,890000.0,27 GHIM MOH LINK,270027,1.30837126346035,103.785133508433,2026-02-20
211946,2025-12,QUEENSTOWN,4 ROOM,23,GHIM MOH LINK,22 TO 24,92.0,Model A,2013,86 years 05 months,930000.0,23 GHIM MOH LINK,271023,1.30863562772071,103.786331973494,2026-02-20
211945,2025-12,QUEENSTOWN,4 ROOM,30,GHIM MOH LINK,28 TO 30,93.0,Model A,2018,91 years 07 months,1092000.0,30 GHIM MOH LINK,272030,1.30881985260159,103.7838389718,2026-02-20
211944,2025-12,QUEENSTOWN,4 ROOM,33,GHIM MOH LINK,37 TO 39,93.0,Model A,2018,91 years 07 months,1190888.0,33 GHIM MOH LINK,270033,1.30977118024449,103.784714017294,2026-02-20
211885,2025-12,QUEENSTOWN,4 ROOM,90,DAWSON RD,37 TO 39,87.0,Premium Apartment,2016,89 years 04 months,1080000.0,90 DAWSON RD,142090,1.29540163896319,103.812185563953,2026-02-20
211884,2025-12,QUEENSTOWN,4 ROOM,88,DAWSON RD,04 TO 06,83.0,Premium Apartment,2016,89 years 09 months,795000.0,88 DAWSON RD,142088,1.29579395038247,103.809264765809,2026-02-20
211883,2025-12,QUEENSTOWN,4 ROOM,90,DAWSON RD,13 TO 15,95.0,Premium Apartment Loft,2016,89 years 05 months,1250000.0,90 DAWSON RD,142090,1.29540163896319,103.812185563953,2026-02-20
211882,2025-12,QUEENSTOWN,4 ROOM,92,DAWSON RD,19 TO 21,83.0,Premium Apartment,2016,89 years 05 months,1010000.0,92 DAWSON RD,141092,1.29512086158743,103.81115001607,2026-02-20
211829,2025-12,QUEENSTOWN,4 ROOM,52,C'WEALTH DR,01 TO 03,88.0,Model A,2015,88 years 03 months,910000.0,52 C'WEALTH DR,142052,1.30190334034959,103.797243238583,2026-02-20
211805,2025-12,QUEENSTOWN,3 ROOM,53,STRATHMORE AVE,34 TO 36,62.0,Premium Apartment,2020,94 years 01 month,820000.0,53 STRATHMORE AVE,140053,1.29277858643806,103.808445960195,2026-02-20
211790,2025-12,QUEENSTOWN,3 ROOM,171,STIRLING RD,01 TO 03,70.0,Improved,1970,43 years 07 months,365000.0,171 STIRLING RD,140171,1.29073246202285,103.803846934678,2026-02-20
211789,2025-12,QUEENSTOWN,3 ROOM,169,STIRLING RD,07 TO 09,60.0,Improved,1970,43 years 08 months,385000.0,169 STIRLING RD,140169,1.29043486528791,103.803105948762,2026-02-20
211788,2025-12,QUEENSTOWN,3 ROOM,170,STIRLING RD,01 TO 03,70.0,Improved,1970,43 years 08 months,410000.0,170 STIRLING RD,140170,1.29090918077067,103.803107626115,2026-02-20
211787,2025-12,QUEENSTOWN,3 ROOM,167,STIRLING RD,01 TO 03,60.0,Improved,1971,44 years 02 months,323000.0,167 STIRLING RD,140167,1.29003092983174,103.80260432134,2026-02-20
211763,2025-12,QUEENSTOWN,3 ROOM,157,MEI LING ST,01 TO 03,69.0,Improved,1970,43 years 01 month,360000.0,157 MEI LING ST,140157,1.29311193242125,103.803730242156,2026-02-20
211762,2025-12,QUEENSTOWN,3 ROOM,161,MEI LING ST,10 TO 12,72.0,Improved,1970,43 years 08 months,440000.0,161 MEI LING ST,140161,1.29154391563021,103.803508038366,2026-02-20
211739,2025-12,QUEENSTOWN,3 ROOM,18B,HOLLAND DR,22 TO 24,67.0,Model A,2012,85 years 10 months,888000.0,18B HOLLAND DR,273018,1.31101768983656,103.791451916991,2026-02-20
211716,2025-12,QUEENSTOWN,3 ROOM,8,HOLLAND AVE,04 TO 06,59.0,Improved,1974,47 years 06 months,480000.0,8 HOLLAND AVE,271008,1.30651406379174,103.794222994827,2026-02-20
211695,2025-12,QUEENSTOWN,3 ROOM,2,GHIM MOH RD,04 TO 06,65.0,Improved,1976,49 years 08 months,365000.0,2 GHIM MOH RD,270002,1.31237872986354,103.786971451599,2026-02-20
211694,2025-12,QUEENSTOWN,3 ROOM,2,GHIM MOH RD,04 TO 06,65.0,Improved,1976,49 years 08 months,385000.0,2 GHIM MOH RD,270002,1.31237872986354,103.786971451599,2026-02-20
211693,2025-12,QUEENSTOWN,3 ROOM,1,GHIM MOH RD,01 TO 03,65.0,Improved,1976,49 years 08 months,360000.0,1 GHIM MOH RD,270001,1.31287975684307,103.786855017635,2026-02-20
211692,2025-12,QUEENSTOWN,3 ROOM,1,GHIM MOH RD,10 TO 12,65.0,Improved,1976,49 years 08 months,400000.0,1 GHIM MOH RD,270001,1.31287975684307,103.786855017635,2026-02-20
212044,2025-12,QUEENSTOWN,4 ROOM,50,STRATHMORE AVE,07 TO 09,85.0,Model A,2006,79 years 10 months,883000.0,50 STRATHMORE AVE,140050,1.29384533839787,103.808727859208,2026-02-20
212045,2025-12,QUEENSTOWN,4 ROOM,49,STRATHMORE AVE,25 TO 27,90.0,Model A,2006,79 years 08 months,988000.0,49 STRATHMORE AVE,140049,1.29402164281341,103.808212801667,2026-02-20
212046,2025-12,QUEENSTOWN,4 ROOM,55,STRATHMORE AVE,07 TO 09,95.0,Model A,2002,75 years 06 months,830000.0,55 STRATHMORE AVE,140055,1.29338294925716,103.809330719416,2026-02-20
212160,2025-12,SEMBAWANG,2 ROOM,130B,CANBERRA CRES,04 TO 06,47.0,Model A,2018,91 years 11 months,416000.0,130B CANBERRA CRES,752130,1.44438611303635,103.832077558585,2026-02-20
212333,2025-12,SEMBAWANG,3 ROOM,128B,CANBERRA ST,07 TO 09,68.0,Model A,2018,91 years 11 months,520000.0,128B CANBERRA ST,752128,1.44514889153347,103.833925659353,2026-02-20
212332,2025-12,SEMBAWANG,3 ROOM,104A,CANBERRA ST,01 TO 03,67.0,Model A,2018,91 years 08 months,470000.0,104A CANBERRA ST,751104,1.45035225780871,103.832262400576,2026-02-20
212331,2025-12,SEMBAWANG,3 ROOM,129B,CANBERRA ST,07 TO 09,68.0,Model A,2018,91 years 11 months,508888.0,129B CANBERRA ST,752129,1.44487017343162,103.832974164005,2026-02-20
212292,2025-12,SEMBAWANG,3 ROOM,131A,CANBERRA CRES,01 TO 03,68.0,Model A,2020,93 years 10 months,580000.0,131A CANBERRA CRES,751131,1.44372597469524,103.831029801721,2026-02-20
212291,2025-12,SEMBAWANG,3 ROOM,130B,CANBERRA CRES,10 TO 12,68.0,Model A,2018,91 years 11 months,578088.0,130B CANBERRA CRES,752130,1.44438611303635,103.832077558585,2026-02-20
212290,2025-12,SEMBAWANG,3 ROOM,116A,CANBERRA CRES,10 TO 12,68.0,Model A,2020,93 years 06 months,592000.0,116A CANBERRA CRES,751116,1.44537906713915,103.830020383661,2026-02-20
212289,2025-12,SEMBAWANG,3 ROOM,131A,CANBERRA CRES,10 TO 12,68.0,Model A,2020,93 years 10 months,673000.0,131A CANBERRA CRES,751131,1.44372597469524,103.831029801721,2026-02-20
212288,2025-12,SEMBAWANG,3 ROOM,132A,CANBERRA CRES,01 TO 03,68.0,Model A,2020,93 years 10 months,530000.0,132A CANBERRA CRES,751132,1.44345437411826,103.831294578169,2026-02-20
212265,2025-12,SEMBAWANG,2 ROOM,363A,SEMBAWANG CRES,13 TO 15,47.0,Model A,2019,92 years 06 months,400000.0,363A SEMBAWANG CRES,751363,1.44576016585328,103.814267716736,2026-02-20
212244,2025-12,SEMBAWANG,2 ROOM,593B,MONTREAL LINK,04 TO 06,47.0,Model A,2015,88 years 05 months,370000.0,593B MONTREAL LINK,752593,1.4513699701967,103.828324578002,2026-02-20
212230,2025-12,SEMBAWANG,2 ROOM,115A,CANBERRA WALK,10 TO 12,47.0,2-room,2018,91 years 08 months,370000.0,115A CANBERRA WALK,751115,1.44662215217976,103.829140768756,2026-02-20
212228,2025-12,SEMBAWANG,2 ROOM,132B,CANBERRA VIEW,07 TO 09,47.0,Model A,2020,93 years 09 months,435000.0,132B CANBERRA VIEW,752132,1.44312045724646,103.831654222251,2026-02-20
212128,2025-12,QUEENSTOWN,5 ROOM,80,STRATHMORE AVE,01 TO 03,130.0,Model A,1993,66 years 07 months,1185000.0,80 STRATHMORE AVE,141080,1.2945613912197,103.809692095051,2026-02-20
212047,2025-12,QUEENSTOWN,4 ROOM,52,STRATHMORE AVE,19 TO 21,90.0,Model A,2006,80 years 01 month,933000.0,52 STRATHMORE AVE,141052,1.29331314480289,103.808253434532,2026-02-20
212127,2025-12,QUEENSTOWN,5 ROOM,52,STRATHMORE AVE,37 TO 39,110.0,Improved,2006,80 years 02 months,1280000.0,52 STRATHMORE AVE,141052,1.29331314480289,103.808253434532,2026-02-20
212104,2025-12,QUEENSTOWN,5 ROOM,3,HOLLAND CL,25 TO 27,124.0,Improved,1998,71 years 11 months,1450000.0,3 HOLLAND CL,271003,1.30820871253395,103.796638881502,2026-02-20
212096,2025-12,QUEENSTOWN,5 ROOM,28A,DOVER CRES,19 TO 21,124.0,Improved,2012,85 years 04 months,1250000.0,28A DOVER CRES,131028,1.30491595746286,103.782188062776,2026-02-20
212095,2025-12,QUEENSTOWN,5 ROOM,26,DOVER CRES,19 TO 21,125.0,Standard,1978,51 years 02 months,842000.0,26 DOVER CRES,130026,1.30591387643498,103.781566663057,2026-02-20
212086,2025-12,QUEENSTOWN,5 ROOM,96,DAWSON RD,37 TO 39,108.0,Premium Apartment,2021,94 years 10 months,1520000.0,96 DAWSON RD,141096,1.29627814728272,103.81254495717,2026-02-20
212085,2025-12,QUEENSTOWN,5 ROOM,79,DAWSON RD,04 TO 06,107.0,Improved,2020,94 years,1358888.0,79 DAWSON RD,141079,1.29459083160081,103.810326636243,2026-02-20
212084,2025-12,QUEENSTOWN,5 ROOM,96,DAWSON RD,10 TO 12,108.0,Premium Apartment,2021,94 years 11 months,1445000.0,96 DAWSON RD,141096,1.29627814728272,103.81254495717,2026-02-20
212067,2025-12,QUEENSTOWN,4 ROOM,89,TANGLIN HALT RD,31 TO 33,85.0,Model A,2008,81 years 09 months,980888.0,89 TANGLIN HALT RD,141089,1.30120035372775,103.798921874569,2026-02-20
212066,2025-12,QUEENSTOWN,4 ROOM,89,TANGLIN HALT RD,34 TO 36,90.0,Model A,2008,81 years 09 months,990000.0,89 TANGLIN HALT RD,141089,1.30120035372775,103.798921874569,2026-02-20
212065,2025-12,QUEENSTOWN,4 ROOM,90,TANGLIN HALT RD,34 TO 36,90.0,Model A,2008,81 years 09 months,1040000.0,90 TANGLIN HALT RD,141090,1.30051700920519,103.79897627676,2026-02-20
212064,2025-12,QUEENSTOWN,4 ROOM,90,TANGLIN HALT RD,04 TO 06,90.0,Model A,2008,81 years 09 months,908000.0,90 TANGLIN HALT RD,141090,1.30051700920519,103.79897627676,2026-02-20
212048,2025-12,QUEENSTOWN,4 ROOM,52,STRATHMORE AVE,22 TO 24,90.0,Model A,2006,80 years 01 month,915000.0,52 STRATHMORE AVE,141052,1.29331314480289,103.808253434532,2026-02-20
211652,2025-12,QUEENSTOWN,3 ROOM,30,GHIM MOH LINK,22 TO 24,68.0,Model A,2018,91 years 07 months,798000.0,30 GHIM MOH LINK,272030,1.30881985260159,103.7838389718,2026-02-20
211636,2025-12,QUEENSTOWN,3 ROOM,1,DOVER RD,10 TO 12,65.0,Improved,1975,48 years 08 months,420000.0,1 DOVER RD,130001,1.3025299473495,103.783271662459,2026-02-20
211633,2025-12,QUEENSTOWN,3 ROOM,20,DOVER CRES,13 TO 15,73.0,Improved,1978,51 years 02 months,459000.0,20 DOVER CRES,130020,1.30672257350963,103.783524083089,2026-02-20
211047,2025-12,PUNGGOL,4 ROOM,322A,SUMANG WALK,07 TO 09,93.0,Premium Apartment,2019,92 years 04 months,685000.0,322A SUMANG WALK,821322,1.41139447142604,103.897032401459,2026-02-20
211190,2025-12,PUNGGOL,5 ROOM,409A,NORTHSHORE DR,16 TO 18,112.0,Improved,2021,94 years 05 months,925000.0,409A NORTHSHORE DR,821409,1.41721444322017,103.902200329239,2026-02-20
211189,2025-12,PUNGGOL,5 ROOM,406C,NORTHSHORE DR,10 TO 12,112.0,Improved,2021,94 years 07 months,935000.0,406C NORTHSHORE DR,823406,1.41663507165683,103.901324326027,2026-02-20
211188,2025-12,PUNGGOL,5 ROOM,409C,NORTHSHORE DR,04 TO 06,112.0,Improved,2021,94 years 06 months,847000.0,409C NORTHSHORE DR,823409,1.41773804355261,103.902933742014,2026-02-20
211181,2025-12,PUNGGOL,5 ROOM,176B,EDGEFIELD PLAINS,04 TO 06,110.0,Improved,2003,76 years 09 months,645000.0,176B EDGEFIELD PLAINS,822176,1.39855735431843,103.908509049423,2026-02-20
211180,2025-12,PUNGGOL,5 ROOM,105D,EDGEFIELD PLAINS,10 TO 12,110.0,Improved,2003,76 years 06 months,661888.0,105D EDGEFIELD PLAINS,824105,1.39717530895925,103.905229593145,2026-02-20
211179,2025-12,PUNGGOL,5 ROOM,103B,EDGEFIELD PLAINS,01 TO 03,110.0,Improved,2003,76 years 06 months,615000.0,103B EDGEFIELD PLAINS,822103,1.39773127538403,103.90468537415,2026-02-20
211133,2025-12,PUNGGOL,5 ROOM,126B,EDGEDALE PLAINS,13 TO 15,110.0,Improved,2003,76 years 03 months,630000.0,126B EDGEDALE PLAINS,822126,1.39454889110377,103.911106168329,2026-02-20
211132,2025-12,PUNGGOL,5 ROOM,662C,EDGEDALE PLAINS,07 TO 09,112.0,Premium Apartment,2017,90 years 06 months,820000.0,662C EDGEDALE PLAINS,823662,1.40139181635046,103.918513893557,2026-02-20
211131,2025-12,PUNGGOL,5 ROOM,134,EDGEDALE PLAINS,04 TO 06,111.0,Premium Apartment,2003,77 years,615000.0,134 EDGEDALE PLAINS,820134,1.39233540545797,103.91018078305,2026-02-20
211130,2025-12,PUNGGOL,5 ROOM,684A,EDGEDALE PLAINS,13 TO 15,113.0,Premium Apartment,2018,91 years 09 months,786888.0,684A EDGEDALE PLAINS,821684,1.40279379493336,103.915878602831,2026-02-20
211049,2025-12,PUNGGOL,4 ROOM,322B,SUMANG WALK,10 TO 12,93.0,Premium Apartment,2019,92 years 03 months,700000.0,322B SUMANG WALK,822322,1.4109158849694,103.896886744995,2026-02-20
211048,2025-12,PUNGGOL,4 ROOM,322A,SUMANG WALK,04 TO 06,93.0,Premium Apartment,2019,92 years 03 months,676000.0,322A SUMANG WALK,821322,1.41139447142604,103.897032401459,2026-02-20
211018,2025-12,PUNGGOL,4 ROOM,313C,SUMANG LINK,10 TO 12,92.0,Model A,2015,88 years 07 months,728000.0,313C SUMANG LINK,823313,1.41062885103467,103.901551852458,2026-02-20
211269,2025-12,PUNGGOL,5 ROOM,666B,PUNGGOL DR,16 TO 18,113.0,Premium Apartment,2016,89 years 03 months,900000.0,666B PUNGGOL DR,822666,1.40179672508929,103.915278092564,2026-02-20
211017,2025-12,PUNGGOL,4 ROOM,313C,SUMANG LINK,07 TO 09,92.0,Model A,2015,88 years 08 months,672000.0,313C SUMANG LINK,823313,1.41062885103467,103.901551852458,2026-02-20
211005,2025-12,PUNGGOL,4 ROOM,224B,SUMANG LANE,10 TO 12,93.0,Model A,2018,92 years 01 month,660000.0,224B SUMANG LANE,822224,1.40182753843533,103.893372218499,2026-02-20
211004,2025-12,PUNGGOL,4 ROOM,224C,SUMANG LANE,13 TO 15,93.0,Model A,2018,92 years 01 month,650000.0,224C SUMANG LANE,823224,1.40150839589079,103.894127051818,2026-02-20
211003,2025-12,PUNGGOL,4 ROOM,232B,SUMANG LANE,01 TO 03,93.0,Model A,2018,92 years,640000.0,232B SUMANG LANE,822232,1.40229542971451,103.890631891929,2026-02-20
211002,2025-12,PUNGGOL,4 ROOM,234B,SUMANG LANE,13 TO 15,93.0,Model A,2018,92 years,650000.0,234B SUMANG LANE,822234,1.40168217037576,103.891667378516,2026-02-20
210951,2025-12,PUNGGOL,4 ROOM,264A,PUNGGOL WAY,10 TO 12,92.0,Model A,2015,88 years 07 months,705000.0,264A PUNGGOL WAY,821264,1.40597704114999,103.898544055197,2026-02-20
210950,2025-12,PUNGGOL,4 ROOM,265C,PUNGGOL WAY,01 TO 03,92.0,Model A,2015,88 years 07 months,660000.0,265C PUNGGOL WAY,823265,1.40499728975087,103.898518563343,2026-02-20
210949,2025-12,PUNGGOL,4 ROOM,260C,PUNGGOL WAY,07 TO 09,93.0,Model A,2016,89 years 07 months,650000.0,260C PUNGGOL WAY,823260,1.40524575016039,103.896410927147,2026-02-20
210913,2025-12,PUNGGOL,4 ROOM,310B,PUNGGOL WALK,10 TO 12,92.0,Premium Apartment,2016,89 years 07 months,640000.0,310B PUNGGOL WALK,822310,1.40932267495625,103.900801836373,2026-02-20
210912,2025-12,PUNGGOL,4 ROOM,310B,PUNGGOL WALK,07 TO 09,92.0,Premium Apartment,2016,89 years 07 months,700000.0,310B PUNGGOL WALK,822310,1.40932267495625,103.900801836373,2026-02-20
210911,2025-12,PUNGGOL,4 ROOM,310C,PUNGGOL WALK,07 TO 09,92.0,Premium Apartment,2016,89 years 07 months,720000.0,310C PUNGGOL WALK,823310,1.40971096118277,103.899898384977,2026-02-20
210910,2025-12,PUNGGOL,4 ROOM,308B,PUNGGOL WALK,10 TO 12,92.0,Premium Apartment,2016,89 years 04 months,715000.0,308B PUNGGOL WALK,822308,1.40776678175669,103.89887868051,2026-02-20
211221,2025-12,PUNGGOL,5 ROOM,643,PUNGGOL CTRL,16 TO 18,110.0,Premium Apartment,2005,78 years 01 month,738888.0,643 PUNGGOL CTRL,820643,1.39731946011017,103.916018571836,2026-02-20
211270,2025-12,PUNGGOL,5 ROOM,638C,PUNGGOL DR,10 TO 12,110.0,Premium Apartment,2005,78 years 02 months,698000.0,638C PUNGGOL DR,823638,1.39967633454267,103.915391620725,2026-02-20
211632,2025-12,QUEENSTOWN,3 ROOM,20,DOVER CRES,01 TO 03,65.0,Improved,1978,51 years 02 months,365000.0,20 DOVER CRES,130020,1.30672257350963,103.783524083089,2026-02-20
211505,2025-12,PUNGGOL,5 ROOM,323A,SUMANG WALK,04 TO 06,113.0,Premium Apartment,2020,93 years 02 months,825000.0,323A SUMANG WALK,821323,1.41239137117199,103.898233670211,2026-02-20
211619,2025-12,QUEENSTOWN,3 ROOM,79,DAWSON RD,34 TO 36,62.0,Model A,2020,93 years 11 months,770000.0,79 DAWSON RD,141079,1.29459083160081,103.810326636243,2026-02-20
211618,2025-12,QUEENSTOWN,3 ROOM,87,DAWSON RD,28 TO 30,65.0,Premium Apartment,2016,89 years 09 months,778000.0,87 DAWSON RD,141087,1.2957304268451,103.809759937443,2026-02-20
211617,2025-12,QUEENSTOWN,3 ROOM,87,DAWSON RD,19 TO 21,65.0,Premium Apartment,2016,89 years 09 months,816888.0,87 DAWSON RD,141087,1.2957304268451,103.809759937443,2026-02-20
211600,2025-12,QUEENSTOWN,3 ROOM,50,C'WEALTH DR,13 TO 15,63.0,Model A,2015,88 years 03 months,750000.0,50 C'WEALTH DR,142050,1.30112909158394,103.797123032464,2026-02-20
211599,2025-12,QUEENSTOWN,3 ROOM,95,C'WEALTH DR,07 TO 09,69.0,Standard,1967,40 years 02 months,440000.0,95 C'WEALTH DR,140095,1.30538746257876,103.801063155204,2026-02-20
211583,2025-12,QUEENSTOWN,3 ROOM,97,C'WEALTH CRES,04 TO 06,59.0,Standard,1970,43 years 07 months,313888.0,97 C'WEALTH CRES,140097,1.30616047214581,103.801495664171,2026-02-20
211582,2025-12,QUEENSTOWN,3 ROOM,111,C'WEALTH CRES,10 TO 12,67.0,Standard,1969,42 years 02 months,400000.0,111 C'WEALTH CRES,140111,1.30635203323967,103.79846623315,2026-02-20
211572,2025-12,QUEENSTOWN,3 ROOM,83,C'WEALTH CL,04 TO 06,60.0,Standard,1967,40 years 01 month,350000.0,83 C'WEALTH CL,140083,1.30467866112528,103.800423584746,2026-02-20
211571,2025-12,QUEENSTOWN,3 ROOM,85,C'WEALTH CL,07 TO 09,58.0,Standard,1967,40 years 02 months,346000.0,85 C'WEALTH CL,140085,1.30407495261872,103.79933169089,2026-02-20
211546,2025-12,QUEENSTOWN,2 ROOM,95,DAWSON RD,07 TO 09,47.0,Premium Apartment,2021,94 years 11 months,540000.0,95 DAWSON RD,141095,1.29629709842507,103.811899620586,2026-02-20
211545,2025-12,QUEENSTOWN,2 ROOM,101,C'WEALTH CRES,07 TO 09,43.0,Standard,1970,43 years 06 months,300000.0,101 C'WEALTH CRES,140101,1.30805159231327,103.800842814413,2026-02-20
211543,2025-12,QUEENSTOWN,2 ROOM,83,C'WEALTH CL,04 TO 06,46.0,Standard,1967,40 years 02 months,285000.0,83 C'WEALTH CL,140083,1.30467866112528,103.800423584746,2026-02-20
211504,2025-12,PUNGGOL,5 ROOM,217B,SUMANG WALK,04 TO 06,112.0,Improved,2017,90 years 08 months,770000.0,217B SUMANG WALK,822217,1.40240161394664,103.894934988835,2026-02-20
211271,2025-12,PUNGGOL,5 ROOM,666B,PUNGGOL DR,07 TO 09,113.0,Premium Apartment,2016,89 years 03 months,888888.0,666B PUNGGOL DR,822666,1.40179672508929,103.915278092564,2026-02-20
211503,2025-12,PUNGGOL,5 ROOM,323C,SUMANG WALK,07 TO 09,113.0,Premium Apartment,2020,93 years 02 months,820000.0,323C SUMANG WALK,823323,1.41266670276858,103.897601359974,2026-02-20
211455,2025-12,PUNGGOL,5 ROOM,233C,SUMANG LANE,07 TO 09,113.0,Improved,2018,92 years,745000.0,233C SUMANG LANE,823233,1.40173289385942,103.891041221089,2026-02-20
211432,2025-12,PUNGGOL,5 ROOM,265A,PUNGGOL WAY,10 TO 12,112.0,Improved,2015,88 years 06 months,878000.0,265A PUNGGOL WAY,821265,1.40566686857539,103.898715616217,2026-02-20
211431,2025-12,PUNGGOL,5 ROOM,316C,PUNGGOL WAY,07 TO 09,113.0,Premium Apartment,2017,90 years 10 months,875000.0,316C PUNGGOL WAY,823316,1.40897577474178,103.897024808292,2026-02-20
211416,2025-12,PUNGGOL,5 ROOM,310A,PUNGGOL WALK,07 TO 09,112.0,Premium Apartment,2016,89 years 07 months,855888.0,310A PUNGGOL WALK,821310,1.40870088870466,103.901326604714,2026-02-20
211415,2025-12,PUNGGOL,5 ROOM,310B,PUNGGOL WALK,07 TO 09,112.0,Premium Apartment,2016,89 years 07 months,860000.0,310B PUNGGOL WALK,822310,1.40932267495625,103.900801836373,2026-02-20
211414,2025-12,PUNGGOL,5 ROOM,213C,PUNGGOL WALK,13 TO 15,113.0,Improved,2015,88 years 05 months,838000.0,213C PUNGGOL WALK,823213,1.4005984949975,103.898920186089,2026-02-20
211356,2025-12,PUNGGOL,5 ROOM,101B,PUNGGOL FIELD,04 TO 06,109.0,Improved,2002,75 years 10 months,650000.0,101B PUNGGOL FIELD,822101,1.39784715104396,103.906436071245,2026-02-20
211355,2025-12,PUNGGOL,5 ROOM,175D,PUNGGOL FIELD,10 TO 12,110.0,Improved,2003,76 years 07 months,655000.0,175D PUNGGOL FIELD,824175,1.39847060510127,103.907769343307,2026-02-20
211354,2025-12,PUNGGOL,5 ROOM,258C,PUNGGOL FIELD,07 TO 09,113.0,Improved,2016,89 years 07 months,726000.0,258C PUNGGOL FIELD,823258,1.40414193190214,103.896363634267,2026-02-20
211353,2025-12,PUNGGOL,5 ROOM,202A,PUNGGOL FIELD,07 TO 09,110.0,Improved,2004,77 years 07 months,650000.0,202A PUNGGOL FIELD,821202,1.39966422309229,103.904495606279,2026-02-20
211272,2025-12,PUNGGOL,5 ROOM,676D,PUNGGOL DR,07 TO 09,113.0,Premium Apartment,2016,89 years 10 months,961888.0,676D PUNGGOL DR,824676,1.40564086679302,103.910923336736,2026-02-20
215667,2025-12,TAMPINES,3 ROOM,907,TAMPINES AVE 4,13 TO 15,73.0,Model A,1984,57 years 10 months,518000.0,907 TAMPINES AVE 4,520907,1.35061228147276,103.939397414558,2026-02-20
215668,2025-12,TAMPINES,3 ROOM,807,TAMPINES AVE 4,10 TO 12,73.0,Model A,1984,57 years 04 months,519000.0,807 TAMPINES AVE 4,520807,1.34586624483884,103.936093443277,2026-02-20
215682,2025-12,TAMPINES,3 ROOM,878B,TAMPINES AVE 8,07 TO 09,68.0,Model A,2017,90 years 07 months,575000.0,878B TAMPINES AVE 8,522878,1.35092636694988,103.929191231421,2026-02-20
220243,2025-12,WOODLANDS,EXECUTIVE,360,WOODLANDS AVE 5,01 TO 03,146.0,Apartment,1996,69 years 11 months,815000.0,360 WOODLANDS AVE 5,730360,1.43404775162518,103.784501294574,2026-02-20
219832,2025-12,WOODLANDS,5 ROOM,787C,WOODLANDS CRES,07 TO 09,122.0,Improved,1997,70 years 09 months,690000.0,787C WOODLANDS CRES,733787,1.4448677578465,103.801173705124,2026-02-20
219756,2025-12,WOODLANDS,5 ROOM,616,WOODLANDS AVE 4,04 TO 06,121.0,Improved,1998,71 years 06 months,640000.0,616 WOODLANDS AVE 4,730616,1.4343227615451,103.795844279939,2026-02-20
219755,2025-12,WOODLANDS,5 ROOM,757,WOODLANDS AVE 4,01 TO 03,122.0,Improved,1997,71 years 01 month,595000.0,757 WOODLANDS AVE 4,730757,1.44621010221646,103.794598549906,2026-02-20
219739,2025-12,WOODLANDS,5 ROOM,354,WOODLANDS AVE 1,04 TO 06,120.0,Improved,1996,69 years 08 months,748000.0,354 WOODLANDS AVE 1,730354,1.43239170175696,103.785065334478,2026-02-20
219738,2025-12,WOODLANDS,5 ROOM,571B,WOODLANDS AVE 1,01 TO 03,112.0,Improved,2013,87 years,705000.0,571B WOODLANDS AVE 1,732571,1.43013163139671,103.790642444468,2026-02-20
219712,2025-12,WOODLANDS,5 ROOM,36,MARSILING DR,10 TO 12,124.0,Standard,1978,51 years 05 months,545000.0,36 MARSILING DR,730036,1.44532379604885,103.772192712434,2026-02-20
219711,2025-12,WOODLANDS,5 ROOM,5A,MARSILING DR,07 TO 09,110.0,Improved,2002,75 years 05 months,555000.0,5A MARSILING DR,732005,1.44008479628214,103.77520066007,2026-02-20
219688,2025-12,WOODLANDS,4 ROOM,842,WOODLANDS ST 82,01 TO 03,84.0,Simplified,1994,67 years 07 months,485000.0,842 WOODLANDS ST 82,730842,1.44343770450452,103.792255388168,2026-02-20
219687,2025-12,WOODLANDS,4 ROOM,840,WOODLANDS ST 82,10 TO 12,84.0,Simplified,1994,67 years 07 months,525000.0,840 WOODLANDS ST 82,730840,1.44381282098453,103.792401112407,2026-02-20
219686,2025-12,WOODLANDS,4 ROOM,845,WOODLANDS ST 82,10 TO 12,104.0,Model A,1994,67 years 07 months,590000.0,845 WOODLANDS ST 82,730845,1.44275455946434,103.792532086511,2026-02-20
219685,2025-12,WOODLANDS,4 ROOM,842,WOODLANDS ST 82,10 TO 12,84.0,Simplified,1994,67 years 07 months,505000.0,842 WOODLANDS ST 82,730842,1.44343770450452,103.792255388168,2026-02-20
219684,2025-12,WOODLANDS,4 ROOM,875,WOODLANDS ST 82,07 TO 09,111.0,Model A,1996,69 years 04 months,635000.0,875 WOODLANDS ST 82,730875,1.44253261259412,103.789611665242,2026-02-20
219664,2025-12,WOODLANDS,4 ROOM,802,WOODLANDS ST 81,04 TO 06,84.0,Simplified,1989,62 years 08 months,490000.0,802 WOODLANDS ST 81,730802,1.44094029531024,103.786015017818,2026-02-20
219650,2025-12,WOODLANDS,4 ROOM,429,WOODLANDS ST 41,10 TO 12,84.0,Simplified,1996,69 years 08 months,465000.0,429 WOODLANDS ST 41,730429,1.42661684900233,103.772948569562,2026-02-20
219649,2025-12,WOODLANDS,4 ROOM,436,WOODLANDS ST 41,04 TO 06,84.0,Simplified,1996,69 years 09 months,475000.0,436 WOODLANDS ST 41,730436,1.42661624805888,103.774872341652,2026-02-20
219648,2025-12,WOODLANDS,4 ROOM,428,WOODLANDS ST 41,07 TO 09,84.0,Simplified,1996,69 years 09 months,480000.0,428 WOODLANDS ST 41,730428,1.42698292390675,103.772578475525,2026-02-20
219647,2025-12,WOODLANDS,4 ROOM,424,WOODLANDS ST 41,10 TO 12,100.0,Model A,1997,70 years 06 months,550000.0,424 WOODLANDS ST 41,730424,1.42728730939008,103.774859398322,2026-02-20
219616,2025-12,WOODLANDS,4 ROOM,334,WOODLANDS ST 32,07 TO 09,104.0,Model A,1985,59 years 01 month,545000.0,334 WOODLANDS ST 32,730334,1.43004416735978,103.780454637803,2026-02-20
219596,2025-12,WOODLANDS,4 ROOM,183A,WOODLANDS ST 13,07 TO 09,93.0,Model A,2019,92 years 10 months,668000.0,183A WOODLANDS ST 13,731183,1.43541550566116,103.777407059508,2026-02-20
219595,2025-12,WOODLANDS,4 ROOM,172,WOODLANDS ST 13,07 TO 09,91.0,New Generation,1985,58 years 11 months,490000.0,172 WOODLANDS ST 13,730172,1.43398859274828,103.777490482198,2026-02-20
219594,2025-12,WOODLANDS,4 ROOM,145,WOODLANDS ST 13,07 TO 09,98.0,New Generation,1985,58 years 04 months,518000.0,145 WOODLANDS ST 13,730145,1.4361178671849,103.773245421824,2026-02-20
219593,2025-12,WOODLANDS,4 ROOM,164,WOODLANDS ST 13,01 TO 03,91.0,New Generation,1985,58 years 07 months,505000.0,164 WOODLANDS ST 13,730164,1.433002949163,103.7742800268,2026-02-20
219592,2025-12,WOODLANDS,4 ROOM,172,WOODLANDS ST 13,07 TO 09,91.0,New Generation,1985,58 years 11 months,500888.0,172 WOODLANDS ST 13,730172,1.43398859274828,103.777490482198,2026-02-20
219537,2025-12,WOODLANDS,4 ROOM,784C,WOODLANDS RISE,13 TO 15,93.0,Model A,2018,91 years 08 months,610000.0,784C WOODLANDS RISE,733784,1.4459309722247,103.805162418466,2026-02-20
219536,2025-12,WOODLANDS,4 ROOM,783C,WOODLANDS RISE,04 TO 06,93.0,Model A,2018,91 years 08 months,610000.0,783C WOODLANDS RISE,733783,1.44660763241222,103.803605046297,2026-02-20
219535,2025-12,WOODLANDS,4 ROOM,783D,WOODLANDS RISE,04 TO 06,93.0,Model A,2018,91 years 08 months,578000.0,783D WOODLANDS RISE,734783,1.44697243135983,103.803367709955,2026-02-20
219510,2025-12,WOODLANDS,4 ROOM,667,WOODLANDS RING RD,07 TO 09,91.0,Model A,2001,74 years 02 months,560000.0,667 WOODLANDS RING RD,730667,1.43864551855524,103.79791843779,2026-02-20
219876,2025-12,WOODLANDS,5 ROOM,514,WOODLANDS DR 14,04 TO 06,125.0,Premium Apartment,1999,72 years 04 months,721000.0,514 WOODLANDS DR 14,730514,1.43459781347729,103.789672557945,2026-02-20
219877,2025-12,WOODLANDS,5 ROOM,511,WOODLANDS DR 14,01 TO 03,125.0,Premium Apartment,1999,72 years 04 months,700000.0,511 WOODLANDS DR 14,730511,1.43345295690823,103.788653978912,2026-02-20
219878,2025-12,WOODLANDS,5 ROOM,510,WOODLANDS DR 14,04 TO 06,125.0,Premium Apartment,1999,72 years 04 months,728888.0,510 WOODLANDS DR 14,730510,1.43276101501459,103.78849713537,2026-02-20
220040,2025-12,WOODLANDS,5 ROOM,682C,WOODLANDS DR 73,10 TO 12,120.0,Premium Apartment,2000,73 years 03 months,675888.0,682C WOODLANDS DR 73,733682,1.44075549422421,103.804264107553,2026-02-20
220216,2025-12,WOODLANDS,5 ROOM,851,WOODLANDS ST 83,04 TO 06,126.0,Improved,1996,69 years 06 months,700000.0,851 WOODLANDS ST 83,730851,1.44046011981824,103.79267558158,2026-02-20
220215,2025-12,WOODLANDS,5 ROOM,863,WOODLANDS ST 83,01 TO 03,127.0,Improved,1996,69 years 04 months,680000.0,863 WOODLANDS ST 83,730863,1.4403972427118,103.795020326652,2026-02-20
220163,2025-12,WOODLANDS,5 ROOM,178,WOODLANDS ST 13,10 TO 12,121.0,Improved,1986,59 years 08 months,618000.0,178 WOODLANDS ST 13,730178,1.43464080601813,103.777670022616,2026-02-20
220133,2025-12,WOODLANDS,5 ROOM,168,WOODLANDS ST 11,04 TO 06,121.0,Improved,1986,60 years,633000.0,168 WOODLANDS ST 11,730168,1.43295934850925,103.776737651554,2026-02-20
220117,2025-12,WOODLANDS,5 ROOM,655,WOODLANDS RING RD,07 TO 09,121.0,Improved,1998,71 years 04 months,670000.0,655 WOODLANDS RING RD,730655,1.43741404509878,103.798257574917,2026-02-20
220084,2025-12,WOODLANDS,5 ROOM,690A,WOODLANDS DR 75,07 TO 09,111.0,Premium Apartment,2004,77 years 02 months,585000.0,690A WOODLANDS DR 75,731690,1.4435841754527,103.808407333102,2026-02-20
220083,2025-12,WOODLANDS,5 ROOM,690E,WOODLANDS DR 75,10 TO 12,110.0,Premium Apartment,2004,77 years 02 months,585888.0,690E WOODLANDS DR 75,735690,1.44216549395902,103.808040672708,2026-02-20
220082,2025-12,WOODLANDS,5 ROOM,688D,WOODLANDS DR 75,13 TO 15,111.0,Premium Apartment,2004,77 years 03 months,650000.0,688D WOODLANDS DR 75,734688,1.44341960518743,103.807696359787,2026-02-20
220081,2025-12,WOODLANDS,5 ROOM,687B,WOODLANDS DR 75,07 TO 09,114.0,Premium Apartment,2003,76 years 03 months,605000.0,687B WOODLANDS DR 75,732687,1.44188539470704,103.807161942037,2026-02-20
220043,2025-12,WOODLANDS,5 ROOM,685C,WOODLANDS DR 73,13 TO 15,113.0,Premium Apartment,2002,76 years 01 month,652888.0,685C WOODLANDS DR 73,733685,1.44168775932162,103.805788847375,2026-02-20
220042,2025-12,WOODLANDS,5 ROOM,685C,WOODLANDS DR 73,13 TO 15,113.0,Premium Apartment,2002,76 years 01 month,665000.0,685C WOODLANDS DR 73,733685,1.44168775932162,103.805788847375,2026-02-20
220041,2025-12,WOODLANDS,5 ROOM,684A,WOODLANDS DR 73,13 TO 15,122.0,Premium Apartment,2000,73 years 04 months,695000.0,684A WOODLANDS DR 73,731684,1.4411312628412,103.805148060847,2026-02-20
220016,2025-12,WOODLANDS,5 ROOM,672,WOODLANDS DR 71,10 TO 12,110.0,Improved,2000,74 years,700000.0,672 WOODLANDS DR 71,730672,1.439485644214,103.799753267452,2026-02-20
219879,2025-12,WOODLANDS,5 ROOM,511,WOODLANDS DR 14,07 TO 09,128.0,Premium Apartment,1999,72 years 04 months,770000.0,511 WOODLANDS DR 14,730511,1.43345295690823,103.788653978912,2026-02-20
220015,2025-12,WOODLANDS,5 ROOM,671,WOODLANDS DR 71,04 TO 06,111.0,Improved,2000,74 years,688000.0,671 WOODLANDS DR 71,730671,1.43905964105019,103.798774829516,2026-02-20
220005,2025-12,WOODLANDS,5 ROOM,709,WOODLANDS DR 70,04 TO 06,119.0,Improved,1996,70 years 01 month,642000.0,709 WOODLANDS DR 70,730709,1.44023981392028,103.797932567952,2026-02-20
219995,2025-12,WOODLANDS,5 ROOM,778,WOODLANDS DR 60,07 TO 09,122.0,Improved,1997,71 years,638000.0,778 WOODLANDS DR 60,730778,1.44728214613521,103.799774503062,2026-02-20
219988,2025-12,WOODLANDS,5 ROOM,555,WOODLANDS DR 53,10 TO 12,120.0,Improved,1999,73 years 01 month,670000.0,555 WOODLANDS DR 53,730555,1.43228169943574,103.795797044364,2026-02-20
219976,2025-12,WOODLANDS,5 ROOM,899C,WOODLANDS DR 50,07 TO 09,118.0,Improved,1997,70 years 10 months,628888.0,899C WOODLANDS DR 50,732899,1.43656985578908,103.795261266334,2026-02-20
219975,2025-12,WOODLANDS,5 ROOM,891B,WOODLANDS DR 50,07 TO 09,119.0,Improved,1996,69 years 11 months,718000.0,891B WOODLANDS DR 50,731891,1.43791227793029,103.79053981455,2026-02-20
219974,2025-12,WOODLANDS,5 ROOM,889B,WOODLANDS DR 50,10 TO 12,113.0,Improved,2017,90 years 08 months,809000.0,889B WOODLANDS DR 50,732889,1.43780529526113,103.792896090852,2026-02-20
219934,2025-12,WOODLANDS,5 ROOM,603,WOODLANDS DR 42,04 TO 06,121.0,Improved,1997,70 years 04 months,630000.0,603 WOODLANDS DR 42,730603,1.43757277585058,103.796414103464,2026-02-20
219933,2025-12,WOODLANDS,5 ROOM,603,WOODLANDS DR 42,04 TO 06,118.0,Improved,1997,70 years 05 months,640000.0,603 WOODLANDS DR 42,730603,1.43757277585058,103.796414103464,2026-02-20
219929,2025-12,WOODLANDS,5 ROOM,705,WOODLANDS DR 40,04 TO 06,119.0,Improved,1996,69 years 11 months,645000.0,705 WOODLANDS DR 40,730705,1.43975611226903,103.796157190366,2026-02-20
219923,2025-12,WOODLANDS,5 ROOM,582,WOODLANDS DR 16,01 TO 03,110.0,Improved,2001,74 years 05 months,600000.0,582 WOODLANDS DR 16,730582,1.43014040629208,103.795835240178,2026-02-20
219880,2025-12,WOODLANDS,5 ROOM,526,WOODLANDS DR 14,07 TO 09,126.0,Premium Apartment,2000,73 years 03 months,635000.0,526 WOODLANDS DR 14,730526,1.43289614274331,103.79276813435,2026-02-20
219509,2025-12,WOODLANDS,4 ROOM,639,WOODLANDS RING RD,04 TO 06,102.0,Model A,1999,72 years 08 months,570000.0,639 WOODLANDS RING RD,730639,1.43763312098352,103.803232348897,2026-02-20
219508,2025-12,WOODLANDS,4 ROOM,662,WOODLANDS RING RD,10 TO 12,101.0,Model A,1998,71 years 03 months,565000.0,662 WOODLANDS RING RD,730662,1.43556537853694,103.798090214896,2026-02-20
219507,2025-12,WOODLANDS,4 ROOM,667,WOODLANDS RING RD,10 TO 12,91.0,Model A,2001,74 years 02 months,575000.0,667 WOODLANDS RING RD,730667,1.43864551855524,103.79791843779,2026-02-20
218910,2025-12,WOODLANDS,4 ROOM,140,MARSILING RD,01 TO 03,91.0,New Generation,1985,58 years 05 months,475000.0,140 MARSILING RD,730140,1.4376557238686,103.776725571123,2026-02-20
219060,2025-12,WOODLANDS,4 ROOM,730,WOODLANDS CIRCLE,10 TO 12,100.0,Model A2,1997,70 years 10 months,538000.0,730 WOODLANDS CIRCLE,730730,1.44253330206837,103.797706231324,2026-02-20
219059,2025-12,WOODLANDS,4 ROOM,754,WOODLANDS CIRCLE,01 TO 03,101.0,Model A,1997,71 years 01 month,515000.0,754 WOODLANDS CIRCLE,731754,1.44528901712634,103.793928766431,2026-02-20
219058,2025-12,WOODLANDS,4 ROOM,736,WOODLANDS CIRCLE,10 TO 12,103.0,Model A,1998,71 years 03 months,570000.0,736 WOODLANDS CIRCLE,730736,1.44283764811354,103.79681411892,2026-02-20
219057,2025-12,WOODLANDS,4 ROOM,766,WOODLANDS CIRCLE,07 TO 09,90.0,Model A,2003,76 years 08 months,535000.0,766 WOODLANDS CIRCLE,730766,1.44610809379956,103.797116575205,2026-02-20
219056,2025-12,WOODLANDS,4 ROOM,744,WOODLANDS CIRCLE,07 TO 09,102.0,Model A,1998,71 years 02 months,545800.0,744 WOODLANDS CIRCLE,730744,1.44283428410961,103.795936955398,2026-02-20
219055,2025-12,WOODLANDS,4 ROOM,753,WOODLANDS CIRCLE,01 TO 03,102.0,Model A,1997,71 years 01 month,538000.0,753 WOODLANDS CIRCLE,730753,1.44580506026781,103.794640299567,2026-02-20
219054,2025-12,WOODLANDS,4 ROOM,737,WOODLANDS CIRCLE,10 TO 12,100.0,Model A2,1998,71 years 03 months,540000.0,737 WOODLANDS CIRCLE,730737,1.4436783632097,103.796822911109,2026-02-20
219009,2025-12,WOODLANDS,4 ROOM,791,WOODLANDS AVE 6,07 TO 09,101.0,Model A,1997,71 years,560000.0,791 WOODLANDS AVE 6,730791,1.44274810998096,103.802238461647,2026-02-20
218971,2025-12,WOODLANDS,4 ROOM,365,WOODLANDS AVE 5,10 TO 12,105.0,Model A,1996,69 years 07 months,645000.0,365 WOODLANDS AVE 5,730365,1.43431838441908,103.787634150698,2026-02-20
218962,2025-12,WOODLANDS,4 ROOM,757,WOODLANDS AVE 4,01 TO 03,103.0,Model A,1997,71 years,532888.0,757 WOODLANDS AVE 4,730757,1.44621010221646,103.794598549906,2026-02-20
218961,2025-12,WOODLANDS,4 ROOM,616,WOODLANDS AVE 4,04 TO 06,102.0,Model A,1998,71 years 06 months,318000.0,616 WOODLANDS AVE 4,730616,1.4343227615451,103.795844279939,2026-02-20
218939,2025-12,WOODLANDS,4 ROOM,571A,WOODLANDS AVE 1,07 TO 09,92.0,Model A,2013,87 years,630000.0,571A WOODLANDS AVE 1,731571,1.43017030750239,103.791091612057,2026-02-20
218902,2025-12,WOODLANDS,4 ROOM,201,MARSILING DR,04 TO 06,91.0,New Generation,1980,53 years 09 months,441000.0,201 MARSILING DR,730201,1.44270022874362,103.775436532502,2026-02-20
219117,2025-12,WOODLANDS,4 ROOM,780C,WOODLANDS CRES,13 TO 15,92.0,Model A,2015,88 years 08 months,610000.0,780C WOODLANDS CRES,733780,1.44911111477951,103.801346682135,2026-02-20
218901,2025-12,WOODLANDS,4 ROOM,8,MARSILING DR,01 TO 03,88.0,Improved,1976,49 years 02 months,395000.0,8 MARSILING DR,730008,1.44134504107456,103.777182721751,2026-02-20
218900,2025-12,WOODLANDS,4 ROOM,27,MARSILING DR,04 TO 06,91.0,New Generation,1977,51 years,426000.0,27 MARSILING DR,730027,1.44227708494378,103.774172807721,2026-02-20
218899,2025-12,WOODLANDS,4 ROOM,33,MARSILING DR,04 TO 06,98.0,New Generation,1978,51 years 02 months,460000.0,33 MARSILING DR,730033,1.44355825410306,103.772015392214,2026-02-20
218861,2025-12,WOODLANDS,3 ROOM,314,WOODLANDS ST 31,10 TO 12,73.0,Model A,1993,66 years 09 months,485000.0,314 WOODLANDS ST 31,730314,1.43119072372737,103.776074114475,2026-02-20
218860,2025-12,WOODLANDS,3 ROOM,316,WOODLANDS ST 31,04 TO 06,73.0,Model A,1993,66 years 05 months,453000.0,316 WOODLANDS ST 31,730316,1.43150897103474,103.776361760175,2026-02-20
218840,2025-12,WOODLANDS,3 ROOM,182A,WOODLANDS ST 13,04 TO 06,68.0,Model A,2019,92 years 10 months,530000.0,182A WOODLANDS ST 13,731182,1.43569654168682,103.775515756855,2026-02-20
218839,2025-12,WOODLANDS,3 ROOM,158,WOODLANDS ST 13,04 TO 06,73.0,Model A,1990,63 years 06 months,440000.0,158 WOODLANDS ST 13,730158,1.43403215729146,103.77477997616,2026-02-20
218800,2025-12,WOODLANDS,3 ROOM,694A,WOODLANDS DR 62,04 TO 06,68.0,Model A,2018,91 years 10 months,505000.0,694A WOODLANDS DR 62,731694,1.43905183955493,103.804395663183,2026-02-20
218781,2025-12,WOODLANDS,3 ROOM,573C,WOODLANDS DR 16,10 TO 12,68.0,Model A,2018,91 years 07 months,530000.0,573C WOODLANDS DR 16,733573,1.43050173672501,103.797682947729,2026-02-20
218738,2025-12,WOODLANDS,3 ROOM,19,MARSILING LANE,04 TO 06,60.0,Improved,1987,60 years 06 months,358000.0,19 MARSILING LANE,730019,1.44328204285332,103.777294228046,2026-02-20
218737,2025-12,WOODLANDS,3 ROOM,12,MARSILING LANE,07 TO 09,76.0,Improved,1976,49 years 04 months,375000.0,12 MARSILING LANE,730012,1.44051412860781,103.778621611934,2026-02-20
218736,2025-12,WOODLANDS,3 ROOM,15,MARSILING LANE,07 TO 09,76.0,Improved,1976,49 years 02 months,360000.0,15 MARSILING LANE,730015,1.44192560223859,103.778158395764,2026-02-20
219116,2025-12,WOODLANDS,4 ROOM,782B,WOODLANDS CRES,01 TO 03,92.0,Model A,2015,88 years 07 months,550000.0,782B WOODLANDS CRES,732782,1.44746980055218,103.803227069534,2026-02-20
219203,2025-12,WOODLANDS,4 ROOM,573C,WOODLANDS DR 16,10 TO 12,93.0,Model A,2018,91 years 08 months,700888.0,573C WOODLANDS DR 16,733573,1.43050173672501,103.797682947729,2026-02-20
219506,2025-12,WOODLANDS,4 ROOM,645,WOODLANDS RING RD,10 TO 12,100.0,Model A,1998,71 years 08 months,598000.0,645 WOODLANDS RING RD,730645,1.43705047335975,103.800942560385,2026-02-20
219334,2025-12,WOODLANDS,4 ROOM,556,WOODLANDS DR 53,01 TO 03,100.0,Model A,1999,73 years 01 month,540000.0,556 WOODLANDS DR 53,730556,1.43292772923161,103.796012763361,2026-02-20
219505,2025-12,WOODLANDS,4 ROOM,667,WOODLANDS RING RD,04 TO 06,91.0,Model A,2001,74 years 02 months,553000.0,667 WOODLANDS RING RD,730667,1.43864551855524,103.79791843779,2026-02-20
219459,2025-12,WOODLANDS,4 ROOM,688C,WOODLANDS DR 75,04 TO 06,90.0,Premium Apartment,2004,77 years 03 months,536888.0,688C WOODLANDS DR 75,733688,1.44340949146713,103.807302641497,2026-02-20
219458,2025-12,WOODLANDS,4 ROOM,689A,WOODLANDS DR 75,10 TO 12,90.0,Premium Apartment,2004,77 years 04 months,545000.0,689A WOODLANDS DR 75,731689,1.44438629292754,103.807925409687,2026-02-20
219434,2025-12,WOODLANDS,4 ROOM,691B,WOODLANDS DR 73,13 TO 15,93.0,Model A,2018,91 years 07 months,680000.0,691B WOODLANDS DR 73,732691,1.44029961420554,103.805892481401,2026-02-20
219433,2025-12,WOODLANDS,4 ROOM,691D,WOODLANDS DR 73,04 TO 06,93.0,Model A,2018,91 years 07 months,635000.0,691D WOODLANDS DR 73,734691,1.43951622531014,103.805687652889,2026-02-20
219432,2025-12,WOODLANDS,4 ROOM,684A,WOODLANDS DR 73,07 TO 09,103.0,Premium Apartment,2000,73 years 03 months,595000.0,684A WOODLANDS DR 73,731684,1.4411312628412,103.805148060847,2026-02-20
219402,2025-12,WOODLANDS,4 ROOM,717,WOODLANDS DR 70,04 TO 06,101.0,Model A,1997,70 years 07 months,585000.0,717 WOODLANDS DR 70,730717,1.44084734957997,103.799421965632,2026-02-20
219401,2025-12,WOODLANDS,4 ROOM,714,WOODLANDS DR 70,10 TO 12,100.0,Model A,1997,70 years 05 months,580000.0,714 WOODLANDS DR 70,730714,1.44204928734016,103.798789070341,2026-02-20
219385,2025-12,WOODLANDS,4 ROOM,681B,WOODLANDS DR 62,01 TO 03,105.0,Premium Apartment,2000,73 years 04 months,570000.0,681B WOODLANDS DR 62,732681,1.43932470475883,103.803324088659,2026-02-20
219384,2025-12,WOODLANDS,4 ROOM,694A,WOODLANDS DR 62,04 TO 06,92.0,Model A,2018,91 years 10 months,645000.0,694A WOODLANDS DR 62,731694,1.43905183955493,103.804395663183,2026-02-20
219360,2025-12,WOODLANDS,4 ROOM,770,WOODLANDS DR 60,07 TO 09,101.0,Model A,1997,71 years,571000.0,770 WOODLANDS DR 60,730770,1.44646333383129,103.798737609119,2026-02-20
219359,2025-12,WOODLANDS,4 ROOM,786D,WOODLANDS DR 60,07 TO 09,100.0,Model A,1997,70 years 09 months,525000.0,786D WOODLANDS DR 60,734786,1.44641912494034,103.801027490309,2026-02-20
219321,2025-12,WOODLANDS,4 ROOM,619,WOODLANDS DR 52,07 TO 09,91.0,Model A2,1998,71 years 09 months,535000.0,619 WOODLANDS DR 52,730619,1.43343677091965,103.79805544789,2026-02-20
219204,2025-12,WOODLANDS,4 ROOM,579,WOODLANDS DR 16,07 TO 09,90.0,Model A,2001,74 years 05 months,548000.0,579 WOODLANDS DR 16,730579,1.43071319275918,103.795708910476,2026-02-20
219320,2025-12,WOODLANDS,4 ROOM,624B,WOODLANDS DR 52,04 TO 06,100.0,Model A,1998,71 years 11 months,540000.0,624B WOODLANDS DR 52,732624,1.43477316982474,103.799944828159,2026-02-20
219319,2025-12,WOODLANDS,4 ROOM,623,WOODLANDS DR 52,10 TO 12,102.0,Model A,1998,71 years 11 months,568000.0,623 WOODLANDS DR 52,730623,1.43484925635895,103.798922420494,2026-02-20
219303,2025-12,WOODLANDS,4 ROOM,889A,WOODLANDS DR 50,07 TO 09,93.0,Model A,2017,90 years 07 months,660000.0,889A WOODLANDS DR 50,731889,1.43756234209627,103.793320189052,2026-02-20
219302,2025-12,WOODLANDS,4 ROOM,890B,WOODLANDS DR 50,13 TO 15,93.0,Model A,2017,90 years 08 months,660000.0,890B WOODLANDS DR 50,732890,1.43823874589707,103.792452185805,2026-02-20
219301,2025-12,WOODLANDS,4 ROOM,896A,WOODLANDS DR 50,01 TO 03,99.0,Model A,1997,70 years 02 months,540000.0,896A WOODLANDS DR 50,730896,1.43646755646399,103.793072616108,2026-02-20
219300,2025-12,WOODLANDS,4 ROOM,895B,WOODLANDS DR 50,07 TO 09,99.0,Model A,1997,70 years 04 months,564000.0,895B WOODLANDS DR 50,731895,1.4356389803296,103.791654565327,2026-02-20
219299,2025-12,WOODLANDS,4 ROOM,889B,WOODLANDS DR 50,01 TO 03,93.0,Model A,2017,90 years 08 months,603888.0,889B WOODLANDS DR 50,732889,1.43780529526113,103.792896090852,2026-02-20
219298,2025-12,WOODLANDS,4 ROOM,891B,WOODLANDS DR 50,04 TO 06,100.0,Model A,1996,69 years 11 months,540000.0,891B WOODLANDS DR 50,731891,1.43791227793029,103.79053981455,2026-02-20
219237,2025-12,WOODLANDS,4 ROOM,550,WOODLANDS DR 44,07 TO 09,100.0,Model A,2000,73 years 02 months,555000.0,550 WOODLANDS DR 44,730550,1.4327294591592,103.794777358439,2026-02-20
219207,2025-12,WOODLANDS,4 ROOM,537,WOODLANDS DR 16,10 TO 12,100.0,Model A,2000,73 years 08 months,590000.0,537 WOODLANDS DR 16,730537,1.42965785733974,103.792582930193,2026-02-20
219206,2025-12,WOODLANDS,4 ROOM,573A,WOODLANDS DR 16,07 TO 09,93.0,Model A,2018,91 years 06 months,653000.0,573A WOODLANDS DR 16,731573,1.43128103413154,103.798018240512,2026-02-20
219205,2025-12,WOODLANDS,4 ROOM,547,WOODLANDS DR 16,04 TO 06,101.0,Model A,2000,73 years 09 months,560000.0,547 WOODLANDS DR 16,730547,1.43016231215264,103.792987552444,2026-02-20
220242,2025-12,WOODLANDS,EXECUTIVE,362,WOODLANDS AVE 5,07 TO 09,145.0,Apartment,1996,69 years 11 months,945000.0,362 WOODLANDS AVE 5,730362,1.4337340406348,103.785245083137,2026-02-20
220254,2025-12,WOODLANDS,EXECUTIVE,788E,WOODLANDS CRES,04 TO 06,141.0,Apartment,1999,72 years 03 months,790000.0,788E WOODLANDS CRES,735788,1.44441749764901,103.802337261902,2026-02-20
215742,2025-12,TAMPINES,3 ROOM,613B,TAMPINES NTH DR 1,04 TO 06,69.0,Model A,2020,93 years 11 months,590000.0,613B TAMPINES NTH DR 1,522613,1.366081228979,103.936008325034,2026-02-20
220275,2025-12,WOODLANDS,EXECUTIVE,893C,WOODLANDS DR 50,07 TO 09,145.0,Maisonette,1996,69 years 11 months,860000.0,893C WOODLANDS DR 50,732893,1.43631842730197,103.790460126264,2026-02-20
221652,2025-12,YISHUN,4 ROOM,639,YISHUN ST 61,01 TO 03,84.0,Simplified,1987,60 years 09 months,470000.0,639 YISHUN ST 61,760639,1.42056023821885,103.838449241015,2026-02-20
221619,2025-12,YISHUN,4 ROOM,504A,YISHUN ST 51,07 TO 09,93.0,Model A,2016,89 years 03 months,605000.0,504A YISHUN ST 51,761504,1.41807055182868,103.844083330937,2026-02-20
221618,2025-12,YISHUN,4 ROOM,512A,YISHUN ST 51,07 TO 09,93.0,Model A,2017,90 years 09 months,590000.0,512A YISHUN ST 51,761512,1.41427715732808,103.841120644288,2026-02-20
221617,2025-12,YISHUN,4 ROOM,505D,YISHUN ST 51,10 TO 12,92.0,Model A,2016,89 years 04 months,625000.0,505D YISHUN ST 51,764505,1.41883284175427,103.844225827265,2026-02-20
221616,2025-12,YISHUN,4 ROOM,513C,YISHUN ST 51,07 TO 09,93.0,Model A,2018,91 years 03 months,620000.0,513C YISHUN ST 51,763513,1.41540780549145,103.84380144741,2026-02-20
221582,2025-12,YISHUN,4 ROOM,478A,YISHUN ST 44,01 TO 03,93.0,Model A,2021,94 years 02 months,570500.0,478A YISHUN ST 44,761478,1.42910217849808,103.851138688057,2026-02-20
221551,2025-12,YISHUN,4 ROOM,479B,YISHUN ST 42,10 TO 12,93.0,Model A,2021,94 years 05 months,608000.0,479B YISHUN ST 42,762479,1.42977881608887,103.850095603468,2026-02-20
221550,2025-12,YISHUN,4 ROOM,479C,YISHUN ST 42,07 TO 09,93.0,Model A,2021,94 years 05 months,595000.0,479C YISHUN ST 42,763479,1.42942961091678,103.850096721246,2026-02-20
221549,2025-12,YISHUN,4 ROOM,479C,YISHUN ST 42,07 TO 09,93.0,Model A,2021,94 years 05 months,610000.0,479C YISHUN ST 42,763479,1.42942961091678,103.850096721246,2026-02-20
221529,2025-12,YISHUN,4 ROOM,456,YISHUN ST 41,10 TO 12,93.0,Model A,2013,86 years 09 months,620000.0,456 YISHUN ST 41,760456,1.42036919149233,103.844403667721,2026-02-20
221516,2025-12,YISHUN,4 ROOM,334B,YISHUN ST 31,13 TO 15,92.0,Model A,2015,89 years,618000.0,334B YISHUN ST 31,762334,1.43253702015663,103.845643034703,2026-02-20
221490,2025-12,YISHUN,4 ROOM,274,YISHUN ST 22,04 TO 06,104.0,Model A,1986,59 years 02 months,520000.0,274 YISHUN ST 22,760274,1.4374586662622,103.839039880371,2026-02-20
221489,2025-12,YISHUN,4 ROOM,276,YISHUN ST 22,10 TO 12,84.0,Simplified,1985,58 years 09 months,470000.0,276 YISHUN ST 22,760276,1.43782287576482,103.837838021643,2026-02-20
221488,2025-12,YISHUN,4 ROOM,270,YISHUN ST 22,07 TO 09,108.0,Model A,1987,61 years 01 month,518000.0,270 YISHUN ST 22,760270,1.43742134407842,103.839982454823,2026-02-20
221487,2025-12,YISHUN,4 ROOM,271,YISHUN ST 22,01 TO 03,104.0,Model A,1985,58 years 08 months,500000.0,271 YISHUN ST 22,760271,1.43778658440392,103.840374104621,2026-02-20
221399,2025-12,YISHUN,4 ROOM,241,YISHUN RING RD,04 TO 06,96.0,New Generation,1986,60 years 01 month,545000.0,241 YISHUN RING RD,760241,1.43212015583779,103.839123120521,2026-02-20
221398,2025-12,YISHUN,4 ROOM,107,YISHUN RING RD,04 TO 06,105.0,New Generation,1982,55 years 06 months,480000.0,107 YISHUN RING RD,760107,1.4322180811837,103.827520197458,2026-02-20
221397,2025-12,YISHUN,4 ROOM,366,YISHUN RING RD,07 TO 09,108.0,Model A,1988,61 years 09 months,538000.0,366 YISHUN RING RD,760366,1.428839245144,103.845809916163,2026-02-20
221396,2025-12,YISHUN,4 ROOM,676A,YISHUN RING RD,01 TO 03,93.0,Model A,2018,91 years 11 months,580000.0,676A YISHUN RING RD,761676,1.42145242328288,103.84332790779,2026-02-20
221395,2025-12,YISHUN,4 ROOM,137,YISHUN RING RD,04 TO 06,99.0,New Generation,1985,58 years 03 months,495000.0,137 YISHUN RING RD,760137,1.43198319567796,103.830253382367,2026-02-20
221394,2025-12,YISHUN,4 ROOM,116,YISHUN RING RD,04 TO 06,108.0,Model A,1983,56 years 08 months,508888.0,116 YISHUN RING RD,760116,1.43502750249052,103.82813490143,2026-02-20
221263,2025-12,YISHUN,4 ROOM,304,YISHUN CTRL,07 TO 09,108.0,Model A,1988,61 years 02 months,573000.0,304 YISHUN CTRL,760304,1.43051533276813,103.840307000287,2026-02-20
221253,2025-12,YISHUN,4 ROOM,245,YISHUN AVE 9,07 TO 09,84.0,Simplified,1985,58 years 06 months,460000.0,245 YISHUN AVE 9,760245,1.43454219874646,103.842114172195,2026-02-20
221252,2025-12,YISHUN,4 ROOM,315A,YISHUN AVE 9,01 TO 03,92.0,Model A,2015,88 years 11 months,580000.0,315A YISHUN AVE 9,761315,1.43238385408312,103.842384119393,2026-02-20
221251,2025-12,YISHUN,4 ROOM,317A,YISHUN AVE 9,10 TO 12,92.0,Model A,2015,89 years,618888.0,317A YISHUN AVE 9,761317,1.43450592896688,103.843292004282,2026-02-20
221204,2025-12,YISHUN,4 ROOM,407,YISHUN AVE 6,07 TO 09,84.0,Simplified,1988,61 years 05 months,500000.0,407 YISHUN AVE 6,760407,1.42590713399828,103.848169903152,2026-02-20
221203,2025-12,YISHUN,4 ROOM,289,YISHUN AVE 6,10 TO 12,84.0,Simplified,1987,60 years 08 months,490000.0,289 YISHUN AVE 6,760289,1.44052449307012,103.839005531098,2026-02-20
221653,2025-12,YISHUN,4 ROOM,609,YISHUN ST 61,04 TO 06,84.0,Simplified,1986,59 years 06 months,470000.0,609 YISHUN ST 61,760609,1.42098979316417,103.836352971103,2026-02-20
221738,2025-12,YISHUN,4 ROOM,852,YISHUN ST 81,07 TO 09,104.0,Model A,1988,61 years 04 months,535000.0,852 YISHUN ST 81,760852,1.41605960153323,103.836795807043,2026-02-20
221739,2025-12,YISHUN,4 ROOM,867,YISHUN ST 81,04 TO 06,84.0,Simplified,1988,61 years 06 months,520000.0,867 YISHUN ST 81,760867,1.41390605450813,103.838005165459,2026-02-20
221928,2025-12,YISHUN,5 ROOM,229,YISHUN ST 21,10 TO 12,121.0,Improved,1985,58 years 07 months,650000.0,229 YISHUN ST 21,760229,1.4349120066513,103.837200355498,2026-02-20
222045,2025-12,YISHUN,EXECUTIVE,359,YISHUN RING RD,01 TO 03,145.0,Apartment,1988,61 years 08 months,845000.0,359 YISHUN RING RD,760359,1.42741919415677,103.845702193715,2026-02-20
222021,2025-12,YISHUN,EXECUTIVE,405,YISHUN AVE 6,10 TO 12,148.0,Maisonette,1988,61 years 09 months,938888.0,405 YISHUN AVE 6,760405,1.42684012912743,103.849273522587,2026-02-20
222014,2025-12,YISHUN,EXECUTIVE,652,YISHUN AVE 4,04 TO 06,181.0,Apartment,1992,65 years 07 months,1200000.0,652 YISHUN AVE 4,760652,1.42377923058461,103.840051834366,2026-02-20
221977,2025-12,YISHUN,5 ROOM,511B,YISHUN ST 51,04 TO 06,113.0,Improved,2017,90 years 09 months,730000.0,511B YISHUN ST 51,762511,1.41560014502104,103.84241412452,2026-02-20
221976,2025-12,YISHUN,5 ROOM,505D,YISHUN ST 51,01 TO 03,113.0,Improved,2016,89 years 04 months,665000.0,505D YISHUN ST 51,764505,1.41883284175427,103.844225827265,2026-02-20
221975,2025-12,YISHUN,5 ROOM,502C,YISHUN ST 51,01 TO 03,112.0,Improved,2018,91 years 02 months,723000.0,502C YISHUN ST 51,763502,1.41732309701441,103.841554200042,2026-02-20
221974,2025-12,YISHUN,5 ROOM,511A,YISHUN ST 51,04 TO 06,113.0,Improved,2017,90 years 09 months,738000.0,511A YISHUN ST 51,761511,1.41566230128128,103.841448577214,2026-02-20
221973,2025-12,YISHUN,5 ROOM,504C,YISHUN ST 51,04 TO 06,113.0,Improved,2016,89 years 04 months,725000.0,504C YISHUN ST 51,763504,1.41796651351006,103.843458679904,2026-02-20
221972,2025-12,YISHUN,5 ROOM,513D,YISHUN ST 51,07 TO 09,113.0,Improved,2018,91 years 03 months,745000.0,513D YISHUN ST 51,764513,1.41563356027215,103.844327816523,2026-02-20
221941,2025-12,YISHUN,5 ROOM,334C,YISHUN ST 31,13 TO 15,112.0,Improved,2015,89 years,700000.0,334C YISHUN ST 31,763334,1.43266234024076,103.846321811361,2026-02-20
221940,2025-12,YISHUN,5 ROOM,336C,YISHUN ST 31,13 TO 15,112.0,Improved,2015,89 years,735000.0,336C YISHUN ST 31,763336,1.43184054730221,103.844133465,2026-02-20
221939,2025-12,YISHUN,5 ROOM,336C,YISHUN ST 31,07 TO 09,112.0,Improved,2015,89 years,670000.0,336C YISHUN ST 31,763336,1.43184054730221,103.844133465,2026-02-20
221909,2025-12,YISHUN,5 ROOM,398,YISHUN RING RD,01 TO 03,122.0,Improved,1988,61 years 09 months,640000.0,398 YISHUN RING RD,760398,1.42767563138391,103.846523499407,2026-02-20
221773,2025-12,YISHUN,5 ROOM,788,YISHUN AVE 2,10 TO 12,121.0,Improved,1987,61 years 01 month,725000.0,788 YISHUN AVE 2,760788,1.42106482793412,103.833978496863,2026-02-20
221908,2025-12,YISHUN,5 ROOM,257,YISHUN RING RD,04 TO 06,122.0,Improved,1986,59 years 04 months,620000.0,257 YISHUN RING RD,760257,1.434567049002,103.839444685818,2026-02-20
221907,2025-12,YISHUN,5 ROOM,793,YISHUN RING RD,04 TO 06,132.0,Model A,1992,65 years 07 months,768000.0,793 YISHUN RING RD,760793,1.42050989660959,103.83186338017,2026-02-20
221906,2025-12,YISHUN,5 ROOM,676C,YISHUN RING RD,10 TO 12,113.0,Improved,2018,91 years 11 months,784000.0,676C YISHUN RING RD,763676,1.42148524765995,103.842476163593,2026-02-20
221905,2025-12,YISHUN,5 ROOM,241,YISHUN RING RD,04 TO 06,134.0,Model A,1986,60 years 01 month,720000.0,241 YISHUN RING RD,760241,1.43212015583779,103.839123120521,2026-02-20
221904,2025-12,YISHUN,5 ROOM,676C,YISHUN RING RD,04 TO 06,113.0,Improved,2018,91 years 11 months,738000.0,676C YISHUN RING RD,763676,1.42148524765995,103.842476163593,2026-02-20
221903,2025-12,YISHUN,5 ROOM,309,YISHUN RING RD,10 TO 12,125.0,Improved,1995,68 years 04 months,733666.0,309 YISHUN RING RD,760309,1.43237650422142,103.840587727638,2026-02-20
221902,2025-12,YISHUN,5 ROOM,796,YISHUN RING RD,04 TO 06,132.0,Improved,1987,60 years 02 months,720000.0,796 YISHUN RING RD,760796,1.41970956748498,103.833448229097,2026-02-20
221847,2025-12,YISHUN,5 ROOM,306,YISHUN CTRL,07 TO 09,122.0,Improved,1987,61 years 01 month,655000.0,306 YISHUN CTRL,760306,1.43108496903436,103.840247830324,2026-02-20
221842,2025-12,YISHUN,5 ROOM,315A,YISHUN AVE 9,07 TO 09,112.0,Improved,2015,88 years 10 months,743000.0,315A YISHUN AVE 9,761315,1.43238385408312,103.842384119393,2026-02-20
221815,2025-12,YISHUN,5 ROOM,674A,YISHUN AVE 4,10 TO 12,112.0,Improved,2018,91 years 11 months,760000.0,674A YISHUN AVE 4,761674,1.42064299685012,103.843114007721,2026-02-20
221814,2025-12,YISHUN,5 ROOM,673A,YISHUN AVE 4,04 TO 06,112.0,Improved,2018,91 years 11 months,718000.0,673A YISHUN AVE 4,761673,1.41999916145463,103.841999102785,2026-02-20
221813,2025-12,YISHUN,5 ROOM,508B,YISHUN AVE 4,10 TO 12,113.0,Improved,2018,91 years 05 months,750000.0,508B YISHUN AVE 4,762508,1.41429103817707,103.839839936719,2026-02-20
221202,2025-12,YISHUN,4 ROOM,407,YISHUN AVE 6,04 TO 06,104.0,Model A,1988,61 years 06 months,538888.0,407 YISHUN AVE 6,760407,1.42590713399828,103.848169903152,2026-02-20
221201,2025-12,YISHUN,4 ROOM,288,YISHUN AVE 6,01 TO 03,84.0,Simplified,1987,60 years 09 months,475000.0,288 YISHUN AVE 6,760288,1.43994549676732,103.83762430993,2026-02-20
221200,2025-12,YISHUN,4 ROOM,462C,YISHUN AVE 6,04 TO 06,93.0,Model A,2019,92 years 09 months,560000.0,462C YISHUN AVE 6,763462,1.42756750243707,103.850898727139,2026-02-20
220514,2025-12,YISHUN,3 ROOM,507A,YISHUN AVE 4,10 TO 12,68.0,Model A,2018,91 years 05 months,430000.0,507A YISHUN AVE 4,761507,1.41528792348436,103.83984650139,2026-02-20
220710,2025-12,YISHUN,3 ROOM,801,YISHUN RING RD,01 TO 03,64.0,Simplified,1986,59 years 08 months,435000.0,801 YISHUN RING RD,760801,1.41820986722493,103.832240685846,2026-02-20
220709,2025-12,YISHUN,3 ROOM,108,YISHUN RING RD,04 TO 06,60.0,Improved,1985,58 years 02 months,385000.0,108 YISHUN RING RD,760108,1.43232355080911,103.829071971177,2026-02-20
220708,2025-12,YISHUN,3 ROOM,342B,YISHUN RING RD,04 TO 06,68.0,Premium Apartment,2016,89 years 02 months,498000.0,342B YISHUN RING RD,762342,1.43024596089696,103.844838329615,2026-02-20
220590,2025-12,YISHUN,3 ROOM,399,YISHUN AVE 6,10 TO 12,73.0,Model A,1989,62 years 03 months,440000.0,399 YISHUN AVE 6,760399,1.42752635479796,103.847084233387,2026-02-20
220589,2025-12,YISHUN,3 ROOM,286,YISHUN AVE 6,04 TO 06,74.0,Model A,1987,60 years 08 months,425000.0,286 YISHUN AVE 6,760286,1.44003806856754,103.83874448007,2026-02-20
220566,2025-12,YISHUN,3 ROOM,734,YISHUN AVE 5,01 TO 03,67.0,New Generation,1985,58 years 02 months,420000.0,734 YISHUN AVE 5,760734,1.42926455279295,103.831074825531,2026-02-20
220565,2025-12,YISHUN,3 ROOM,706,YISHUN AVE 5,04 TO 06,68.0,New Generation,1984,57 years 02 months,441000.0,706 YISHUN AVE 5,760706,1.42886692085513,103.828909001953,2026-02-20
220564,2025-12,YISHUN,3 ROOM,741,YISHUN AVE 5,10 TO 12,67.0,New Generation,1985,58 years 02 months,470000.0,741 YISHUN AVE 5,760741,1.43010019275338,103.833117595994,2026-02-20
220563,2025-12,YISHUN,3 ROOM,740,YISHUN AVE 5,07 TO 09,67.0,New Generation,1985,58 years 04 months,420000.0,740 YISHUN AVE 5,760740,1.43012361713357,103.832153164362,2026-02-20
220517,2025-12,YISHUN,3 ROOM,508A,YISHUN AVE 4,07 TO 09,68.0,Model A,2018,91 years 05 months,490000.0,508A YISHUN AVE 4,761508,1.41478193236176,103.839551599391,2026-02-20
220516,2025-12,YISHUN,3 ROOM,862,YISHUN AVE 4,01 TO 03,74.0,Model A,1988,61 years 08 months,405000.0,862 YISHUN AVE 4,760862,1.41717564266771,103.839341384551,2026-02-20
220515,2025-12,YISHUN,3 ROOM,675D,YISHUN AVE 4,04 TO 06,68.0,Model A,2018,92 years,515000.0,675D YISHUN AVE 4,764675,1.41973757505546,103.842703126999,2026-02-20
220442,2025-12,YISHUN,2 ROOM,478C,YISHUN ST 44,07 TO 09,47.0,2-room,2021,94 years 02 months,380000.0,478C YISHUN ST 44,763478,1.42978389948502,103.851190359773,2026-02-20
220712,2025-12,YISHUN,3 ROOM,118,YISHUN RING RD,07 TO 09,74.0,Model A,1983,56 years 07 months,430000.0,118 YISHUN RING RD,760118,1.43598707842969,103.828641482509,2026-02-20
220425,2025-12,YISHUN,2 ROOM,479A,YISHUN ST 42,07 TO 09,47.0,2-room,2021,94 years 02 months,381000.0,479A YISHUN ST 42,761479,1.42980947984757,103.850543548091,2026-02-20
220413,2025-12,YISHUN,2 ROOM,462B,YISHUN AVE 6,07 TO 09,47.0,Model A,2019,92 years 09 months,390000.0,462B YISHUN AVE 6,762462,1.42713422609837,103.850234948425,2026-02-20
220389,2025-12,YISHUN,2 ROOM,459,YISHUN AVE 11,01 TO 03,48.0,Model A,2013,86 years 09 months,350000.0,459 YISHUN AVE 11,760459,1.42103574926841,103.846333547036,2026-02-20
220371,2025-12,WOODLANDS,EXECUTIVE,867,WOODLANDS ST 83,07 TO 09,155.0,Maisonette,1996,69 years 04 months,942888.0,867 WOODLANDS ST 83,730867,1.4421626707832,103.793129598776,2026-02-20
220370,2025-12,WOODLANDS,EXECUTIVE,865,WOODLANDS ST 83,07 TO 09,146.0,Apartment,1996,69 years 04 months,865000.0,865 WOODLANDS ST 83,730865,1.44099129535005,103.792791376738,2026-02-20
220354,2025-12,WOODLANDS,EXECUTIVE,848,WOODLANDS ST 82,10 TO 12,161.0,Apartment,1995,68 years 04 months,955000.0,848 WOODLANDS ST 82,730848,1.44178218752461,103.791758131626,2026-02-20
220332,2025-12,WOODLANDS,EXECUTIVE,402,WOODLANDS ST 41,07 TO 09,176.0,Apartment,1995,68 years 06 months,1038000.0,402 WOODLANDS ST 41,730402,1.43106432723854,103.772258883152,2026-02-20
220330,2025-12,WOODLANDS,EXECUTIVE,403,WOODLANDS ST 41,07 TO 09,177.0,Apartment,1995,68 years 07 months,1092000.0,403 WOODLANDS ST 41,730403,1.4307084711762,103.772261360021,2026-02-20
220322,2025-12,WOODLANDS,EXECUTIVE,328,WOODLANDS ST 32,01 TO 03,163.0,Apartment,1994,67 years 05 months,950000.0,328 WOODLANDS ST 32,730328,1.43005749573809,103.779439838598,2026-02-20
220308,2025-12,WOODLANDS,EXECUTIVE,636,WOODLANDS RING RD,01 TO 03,141.0,Maisonette,1999,72 years 10 months,860000.0,636 WOODLANDS RING RD,730636,1.43686472282189,103.802701256247,2026-02-20
220307,2025-12,WOODLANDS,EXECUTIVE,647,WOODLANDS RING RD,04 TO 06,144.0,Maisonette,1998,71 years 09 months,970000.0,647 WOODLANDS RING RD,730647,1.43794258313459,103.801005117054,2026-02-20
220283,2025-12,WOODLANDS,EXECUTIVE,797,WOODLANDS DR 72,04 TO 06,141.0,Maisonette,1997,70 years 11 months,880000.0,797 WOODLANDS DR 72,730797,1.44365656317263,103.803047711815,2026-02-20
220711,2025-12,YISHUN,3 ROOM,117,YISHUN RING RD,04 TO 06,74.0,Model A,1983,56 years 07 months,400000.0,117 YISHUN RING RD,760117,1.43555874650871,103.827699051305,2026-02-20
220713,2025-12,YISHUN,3 ROOM,103,YISHUN RING RD,01 TO 03,82.0,New Generation,1985,58 years 02 months,437000.0,103 YISHUN RING RD,760103,1.43136934951878,103.828892847163,2026-02-20
221199,2025-12,YISHUN,4 ROOM,289,YISHUN AVE 6,07 TO 09,84.0,Simplified,1987,60 years 08 months,470000.0,289 YISHUN AVE 6,760289,1.44052449307012,103.839005531098,2026-02-20
221028,2025-12,YISHUN,4 ROOM,443,YISHUN AVE 11,07 TO 09,92.0,Model A,2012,85 years 08 months,630000.0,443 YISHUN AVE 11,760443,1.42381002085379,103.844973012516,2026-02-20
221134,2025-12,YISHUN,4 ROOM,655,YISHUN AVE 4,10 TO 12,84.0,Simplified,1987,60 years 09 months,455000.0,655 YISHUN AVE 4,760655,1.4227963298673,103.839834894209,2026-02-20
221133,2025-12,YISHUN,4 ROOM,507A,YISHUN AVE 4,10 TO 12,93.0,Model A,2018,91 years 05 months,668888.0,507A YISHUN AVE 4,761507,1.41528792348436,103.83984650139,2026-02-20
221132,2025-12,YISHUN,4 ROOM,663,YISHUN AVE 4,01 TO 03,85.0,Simplified,1987,60 years 10 months,485000.0,663 YISHUN AVE 4,760663,1.41988631262944,103.84005176953,2026-02-20
221131,2025-12,YISHUN,4 ROOM,671A,YISHUN AVE 4,10 TO 12,93.0,Model A,2018,91 years 02 months,645000.0,671A YISHUN AVE 4,761671,1.41897568011422,103.842333395726,2026-02-20
221130,2025-12,YISHUN,4 ROOM,509B,YISHUN AVE 4,01 TO 03,93.0,Model A,2018,91 years 06 months,570000.0,509B YISHUN AVE 4,762509,1.41379975962339,103.840131905186,2026-02-20
221129,2025-12,YISHUN,4 ROOM,672C,YISHUN AVE 4,13 TO 15,93.0,Model A,2018,91 years 02 months,670000.0,672C YISHUN AVE 4,763672,1.41836093867258,103.842650670571,2026-02-20
221128,2025-12,YISHUN,4 ROOM,658,YISHUN AVE 4,04 TO 06,83.0,Simplified,1987,60 years 09 months,460000.0,658 YISHUN AVE 4,760658,1.42189632203512,103.839487406775,2026-02-20
221047,2025-12,YISHUN,4 ROOM,774,YISHUN AVE 3,04 TO 06,84.0,Simplified,1987,60 years 03 months,492000.0,774 YISHUN AVE 3,760774,1.42352948870847,103.831871895752,2026-02-20
221032,2025-12,YISHUN,4 ROOM,426C,YISHUN AVE 11,07 TO 09,92.0,Model A,2015,88 years 04 months,568000.0,426C YISHUN AVE 11,763426,1.42271649180053,103.846963657212,2026-02-20
221031,2025-12,YISHUN,4 ROOM,426B,YISHUN AVE 11,04 TO 06,92.0,Model A,2015,88 years 04 months,565000.0,426B YISHUN AVE 11,762426,1.4227214845963,103.846366899948,2026-02-20
221030,2025-12,YISHUN,4 ROOM,348C,YISHUN AVE 11,07 TO 09,92.0,DBSS,2013,86 years 10 months,810000.0,348C YISHUN AVE 11,763348,1.42714143019714,103.84223128885,2026-02-20
221029,2025-12,YISHUN,4 ROOM,347A,YISHUN AVE 11,10 TO 12,92.0,DBSS,2013,86 years 11 months,768000.0,347A YISHUN AVE 11,761347,1.42793924371366,103.842676976311,2026-02-20
221027,2025-12,YISHUN,4 ROOM,424D,YISHUN AVE 11,10 TO 12,92.0,Model A,2015,89 years 01 month,572000.0,424D YISHUN AVE 11,764424,1.42282966353596,103.849223389089,2026-02-20
220714,2025-12,YISHUN,3 ROOM,342B,YISHUN RING RD,13 TO 15,68.0,Premium Apartment,2016,89 years 02 months,495000.0,342B YISHUN RING RD,762342,1.43024596089696,103.844838329615,2026-02-20
221026,2025-12,YISHUN,4 ROOM,429A,YISHUN AVE 11,07 TO 09,92.0,Model A,2015,89 years 01 month,585000.0,429A YISHUN AVE 11,761429,1.42209731725453,103.849560369299,2026-02-20
221025,2025-12,YISHUN,4 ROOM,428B,YISHUN AVE 11,04 TO 06,92.0,Model A,2015,88 years 04 months,540000.0,428B YISHUN AVE 11,762428,1.42207815400064,103.847233385196,2026-02-20
221024,2025-12,YISHUN,4 ROOM,430B,YISHUN AVE 11,04 TO 06,92.0,Model A,2015,89 years 01 month,573000.0,430B YISHUN AVE 11,762430,1.42098709730833,103.848612654306,2026-02-20
220895,2025-12,YISHUN,3 ROOM,729,YISHUN ST 71,07 TO 09,64.0,Simplified,1987,60 years 06 months,400000.0,729 YISHUN ST 71,760729,1.4258528493391,103.831598317323,2026-02-20
220894,2025-12,YISHUN,3 ROOM,722,YISHUN ST 71,07 TO 09,64.0,Simplified,1987,60 years 10 months,415000.0,722 YISHUN ST 71,760722,1.42566715797556,103.829016104284,2026-02-20
220877,2025-12,YISHUN,3 ROOM,629,YISHUN ST 61,04 TO 06,73.0,Model A,1988,61 years 05 months,445000.0,629 YISHUN ST 61,760629,1.41839680437318,103.837739340409,2026-02-20
220865,2025-12,YISHUN,3 ROOM,505B,YISHUN ST 51,10 TO 12,68.0,Model A,2016,89 years 04 months,515000.0,505B YISHUN ST 51,762505,1.41924161070524,103.844941652639,2026-02-20
220837,2025-12,YISHUN,3 ROOM,334A,YISHUN ST 31,07 TO 09,67.0,Model A,2015,88 years 11 months,486000.0,334A YISHUN ST 31,761334,1.43290624174601,103.844695383831,2026-02-20
220812,2025-12,YISHUN,3 ROOM,201,YISHUN ST 21,07 TO 09,67.0,New Generation,1985,58 years 06 months,465000.0,201 YISHUN ST 21,760201,1.43064865606425,103.837996781156,2026-02-20
220772,2025-12,YISHUN,3 ROOM,131,YISHUN ST 11,10 TO 12,74.0,Model A,1985,58 years 03 months,440000.0,131 YISHUN ST 11,760131,1.43316260592868,103.831684787748,2026-02-20
220716,2025-12,YISHUN,3 ROOM,806,YISHUN RING RD,01 TO 03,74.0,Model A,1987,60 years 03 months,450000.0,806 YISHUN RING RD,760806,1.41722156235213,103.83111136151,2026-02-20
220715,2025-12,YISHUN,3 ROOM,853,YISHUN RING RD,10 TO 12,74.0,Model A,1988,61 years 02 months,480000.0,853 YISHUN RING RD,760853,1.41645129453248,103.836741138472,2026-02-20
218710,2025-12,WOODLANDS,3 ROOM,6,MARSILING DR,10 TO 12,65.0,Improved,1976,49 years 01 month,365000.0,6 MARSILING DR,730006,1.44207297644105,103.776353990531,2026-02-20
218709,2025-12,WOODLANDS,3 ROOM,1,MARSILING DR,10 TO 12,65.0,Improved,1974,47 years 08 months,330000.0,1 MARSILING DR,730001,1.44067109860246,103.775739945213,2026-02-20
218708,2025-12,WOODLANDS,3 ROOM,1,MARSILING DR,04 TO 06,65.0,Improved,1974,47 years 08 months,285000.0,1 MARSILING DR,730001,1.44067109860246,103.775739945213,2026-02-20
218707,2025-12,WOODLANDS,3 ROOM,202,MARSILING DR,07 TO 09,68.0,New Generation,1981,54 years 07 months,368000.0,202 MARSILING DR,730202,1.44315121142693,103.775164777049,2026-02-20
216870,2025-12,TAMPINES,4 ROOM,871B,TAMPINES ST 86,13 TO 15,94.0,Model A,2017,90 years 03 months,772888.0,871B TAMPINES ST 86,522871,1.35651147306916,103.931956767677,2026-02-20
216859,2025-12,TAMPINES,4 ROOM,883,TAMPINES ST 84,10 TO 12,107.0,Model A,1988,61 years 06 months,698888.0,883 TAMPINES ST 84,520883,1.35185622978388,103.932939029289,2026-02-20
216850,2025-12,TAMPINES,4 ROOM,864,TAMPINES ST 83,07 TO 09,104.0,Model A,1988,61 years 07 months,640000.0,864 TAMPINES ST 83,520864,1.35506384634851,103.93573303978,2026-02-20
216849,2025-12,TAMPINES,4 ROOM,845,TAMPINES ST 83,01 TO 03,105.0,Model A,1987,61 years 01 month,618000.0,845 TAMPINES ST 83,520845,1.35218255588167,103.934926756252,2026-02-20
216848,2025-12,TAMPINES,4 ROOM,845,TAMPINES ST 83,04 TO 06,104.0,Model A,1987,61 years 01 month,625000.0,845 TAMPINES ST 83,520845,1.35218255588167,103.934926756252,2026-02-20
216847,2025-12,TAMPINES,4 ROOM,862,TAMPINES ST 83,01 TO 03,104.0,Model A,1988,61 years 06 months,635000.0,862 TAMPINES ST 83,520862,1.35468486241786,103.936502887927,2026-02-20
216846,2025-12,TAMPINES,4 ROOM,839,TAMPINES ST 83,04 TO 06,84.0,Simplified,1985,58 years 07 months,555000.0,839 TAMPINES ST 83,520839,1.35120565159908,103.934535695143,2026-02-20
216814,2025-12,TAMPINES,4 ROOM,856,TAMPINES ST 82,04 TO 06,84.0,Simplified,1986,59 years 04 months,520888.0,856 TAMPINES ST 82,520856,1.35344324893831,103.936557632514,2026-02-20
216813,2025-12,TAMPINES,4 ROOM,842D,TAMPINES ST 82,01 TO 03,106.0,Model A,1995,68 years 03 months,618000.0,842D TAMPINES ST 82,524842,1.35059655547526,103.93755033214,2026-02-20
216796,2025-12,TAMPINES,4 ROOM,898A,TAMPINES ST 81,13 TO 15,104.0,Model A,1988,62 years 01 month,668000.0,898A TAMPINES ST 81,521898,1.34681318250334,103.934887284051,2026-02-20
216795,2025-12,TAMPINES,4 ROOM,898,TAMPINES ST 81,01 TO 03,104.0,Model A,1988,61 years 05 months,645000.0,898 TAMPINES ST 81,520898,1.3472811716457,103.934756968904,2026-02-20
216794,2025-12,TAMPINES,4 ROOM,888A,TAMPINES ST 81,01 TO 03,104.0,Model A,1989,62 years 03 months,650000.0,888A TAMPINES ST 81,521888,1.35048494954503,103.930912572366,2026-02-20
216786,2025-12,TAMPINES,4 ROOM,719,TAMPINES ST 72,01 TO 03,100.0,Model A,1997,70 years 06 months,613000.0,719 TAMPINES ST 72,520719,1.35881240055992,103.935913216026,2026-02-20
216785,2025-12,TAMPINES,4 ROOM,720,TAMPINES ST 72,13 TO 15,99.0,Model A,1997,70 years 05 months,695000.0,720 TAMPINES ST 72,520720,1.35938894436607,103.936070829294,2026-02-20
216784,2025-12,TAMPINES,4 ROOM,718,TAMPINES ST 72,04 TO 06,99.0,Model A,1997,70 years 05 months,620000.0,718 TAMPINES ST 72,520718,1.35908701781335,103.935544402477,2026-02-20
216774,2025-12,TAMPINES,4 ROOM,734,TAMPINES ST 71,07 TO 09,103.0,Model A,1997,70 years 07 months,668000.0,734 TAMPINES ST 71,520734,1.35820447554431,103.934339097013,2026-02-20
216773,2025-12,TAMPINES,4 ROOM,711,TAMPINES ST 71,04 TO 06,99.0,Model A,1997,70 years 05 months,655000.0,711 TAMPINES ST 71,520711,1.35843202933435,103.937035946114,2026-02-20
216772,2025-12,TAMPINES,4 ROOM,710,TAMPINES ST 71,07 TO 09,100.0,Model A,1997,70 years 07 months,655000.0,710 TAMPINES ST 71,520710,1.35892431398391,103.937644661626,2026-02-20
216771,2025-12,TAMPINES,4 ROOM,721,TAMPINES ST 71,04 TO 06,99.0,Model A,1997,70 years 05 months,648000.0,721 TAMPINES ST 71,520721,1.3599202305003,103.936352048283,2026-02-20
216728,2025-12,TAMPINES,4 ROOM,606D,TAMPINES ST 61,13 TO 15,92.0,Model A,2020,93 years 03 months,752888.0,606D TAMPINES ST 61,524606,1.36185122194834,103.937073184127,2026-02-20
216689,2025-12,TAMPINES,4 ROOM,498G,TAMPINES ST 45,07 TO 09,106.0,Premium Apartment,1997,70 years 08 months,650000.0,498G TAMPINES ST 45,525498,1.36227844944127,103.958121867302,2026-02-20
216688,2025-12,TAMPINES,4 ROOM,494H,TAMPINES ST 45,01 TO 03,93.0,Model A,2018,92 years,705000.0,494H TAMPINES ST 45,528494,1.36368314068034,103.95499248871,2026-02-20
216652,2025-12,TAMPINES,4 ROOM,440,TAMPINES ST 43,01 TO 03,84.0,Simplified,1986,59 years 05 months,510000.0,440 TAMPINES ST 43,520440,1.36081570799381,103.951611550107,2026-02-20
216643,2025-12,TAMPINES,4 ROOM,450,TAMPINES ST 42,07 TO 09,104.0,Model A,1985,58 years 02 months,596000.0,450 TAMPINES ST 42,520450,1.35742126002469,103.951661274552,2026-02-20
216642,2025-12,TAMPINES,4 ROOM,450C,TAMPINES ST 42,01 TO 03,106.0,Model A,1996,69 years 10 months,580000.0,450C TAMPINES ST 42,523450,1.35713537771761,103.952252237838,2026-02-20
216641,2025-12,TAMPINES,4 ROOM,459,TAMPINES ST 42,07 TO 09,88.0,Simplified,1987,60 years 10 months,625000.0,459 TAMPINES ST 42,520459,1.35836507850491,103.954080977461,2026-02-20
216626,2025-12,TAMPINES,4 ROOM,418,TAMPINES ST 41,01 TO 03,104.0,Model A,1985,58 years 07 months,620000.0,418 TAMPINES ST 41,520418,1.3582722131871,103.947308949059,2026-02-20
216871,2025-12,TAMPINES,4 ROOM,870A,TAMPINES ST 86,13 TO 15,93.0,Model A,2017,90 years 02 months,720000.0,870A TAMPINES ST 86,521870,1.35608700205895,103.931752248401,2026-02-20
216895,2025-12,TAMPINES,4 ROOM,925,TAMPINES ST 91,07 TO 09,104.0,Model A,1983,57 years 01 month,615000.0,925 TAMPINES ST 91,520925,1.34642313830126,103.940969858247,2026-02-20
216906,2025-12,TAMPINES,5 ROOM,167A,SIMEI LANE,04 TO 06,111.0,DBSS,2011,84 years 03 months,950000.0,167A SIMEI LANE,521167,1.34356565862111,103.959402041657,2026-02-20
217156,2025-12,TAMPINES,5 ROOM,610A,TAMPINES NTH DR 1,10 TO 12,113.0,Improved,2020,93 years 11 months,925000.0,610A TAMPINES NTH DR 1,521610,1.36449829827687,103.936915541696,2026-02-20
217316,2025-12,TAMPINES,5 ROOM,491F,TAMPINES ST 45,07 TO 09,124.0,Improved,1993,66 years 08 months,715000.0,491F TAMPINES ST 45,525491,1.36296253151948,103.954955444255,2026-02-20
217315,2025-12,TAMPINES,5 ROOM,491F,TAMPINES ST 45,01 TO 03,120.0,Improved,1993,66 years 08 months,720000.0,491F TAMPINES ST 45,525491,1.36296253151948,103.954955444255,2026-02-20
217314,2025-12,TAMPINES,5 ROOM,494H,TAMPINES ST 45,07 TO 09,113.0,Improved,2018,91 years 11 months,840888.0,494H TAMPINES ST 45,528494,1.36368314068034,103.95499248871,2026-02-20
217289,2025-12,TAMPINES,5 ROOM,440,TAMPINES ST 43,04 TO 06,122.0,Improved,1986,59 years 05 months,630000.0,440 TAMPINES ST 43,520440,1.36081570799381,103.951611550107,2026-02-20
217279,2025-12,TAMPINES,5 ROOM,450E,TAMPINES ST 42,07 TO 09,124.0,Improved,1996,69 years 10 months,800000.0,450E TAMPINES ST 42,525450,1.35756791894077,103.953020775042,2026-02-20
217278,2025-12,TAMPINES,5 ROOM,450D,TAMPINES ST 42,10 TO 12,123.0,Improved,1996,69 years 10 months,890000.0,450D TAMPINES ST 42,524450,1.35713536413244,103.952873767554,2026-02-20
217246,2025-12,TAMPINES,5 ROOM,354,TAMPINES ST 33,07 TO 09,133.0,Model A,1996,69 years 09 months,745000.0,354 TAMPINES ST 33,520354,1.35486140227222,103.962498873896,2026-02-20
217245,2025-12,TAMPINES,5 ROOM,349,TAMPINES ST 33,07 TO 09,134.0,Model A,1996,69 years 06 months,768000.0,349 TAMPINES ST 33,520349,1.35341689800131,103.963011755353,2026-02-20
217208,2025-12,TAMPINES,5 ROOM,229,TAMPINES ST 23,04 TO 06,125.0,Improved,1985,58 years 06 months,690000.0,229 TAMPINES ST 23,521229,1.35593143453856,103.953944534569,2026-02-20
217207,2025-12,TAMPINES,5 ROOM,229,TAMPINES ST 23,01 TO 03,121.0,Improved,1985,58 years 06 months,680000.0,229 TAMPINES ST 23,521229,1.35593143453856,103.953944534569,2026-02-20
217158,2025-12,TAMPINES,5 ROOM,609A,TAMPINES NTH DR 1,04 TO 06,113.0,Improved,2020,93 years 11 months,895000.0,609A TAMPINES NTH DR 1,521609,1.36361412499017,103.935357759734,2026-02-20
217157,2025-12,TAMPINES,5 ROOM,612B,TAMPINES NTH DR 1,07 TO 09,113.0,Improved,2020,93 years 11 months,928888.0,612B TAMPINES NTH DR 1,522612,1.36536043524759,103.935789815182,2026-02-20
217155,2025-12,TAMPINES,5 ROOM,608A,TAMPINES NTH DR 1,07 TO 09,113.0,Improved,2020,94 years,880000.0,608A TAMPINES NTH DR 1,521608,1.36314791550448,103.93511840985,2026-02-20
216911,2025-12,TAMPINES,5 ROOM,165,SIMEI RD,04 TO 06,128.0,Improved,1989,62 years 05 months,748800.0,165 SIMEI RD,520165,1.34553016120065,103.959248804134,2026-02-20
217023,2025-12,TAMPINES,5 ROOM,522C,TAMPINES CTRL 7,16 TO 18,113.0,Improved,2015,88 years 08 months,1020000.0,522C TAMPINES CTRL 7,523522,1.35800481305316,103.939416135735,2026-02-20
217022,2025-12,TAMPINES,5 ROOM,522B,TAMPINES CTRL 7,01 TO 03,113.0,Improved,2015,88 years 09 months,918888.0,522B TAMPINES CTRL 7,522522,1.35782276633146,103.939084809112,2026-02-20
217021,2025-12,TAMPINES,5 ROOM,518A,TAMPINES CTRL 7,04 TO 06,110.0,DBSS,2008,82 years 01 month,968000.0,518A TAMPINES CTRL 7,521518,1.35637192417378,103.938384524313,2026-02-20
217020,2025-12,TAMPINES,5 ROOM,522B,TAMPINES CTRL 7,10 TO 12,113.0,Improved,2015,88 years 09 months,970000.0,522B TAMPINES CTRL 7,522522,1.35782276633146,103.939084809112,2026-02-20
216993,2025-12,TAMPINES,5 ROOM,488A,TAMPINES AVE 9,07 TO 09,121.0,Improved,1989,62 years 05 months,740000.0,488A TAMPINES AVE 9,520488,1.36022206338794,103.956335998151,2026-02-20
216992,2025-12,TAMPINES,5 ROOM,485A,TAMPINES AVE 9,07 TO 09,125.0,Improved,1993,66 years 10 months,732000.0,485A TAMPINES AVE 9,520485,1.35989315339663,103.955756570936,2026-02-20
216974,2025-12,TAMPINES,5 ROOM,876A,TAMPINES AVE 8,07 TO 09,113.0,Improved,2021,94 years 11 months,965000.0,876A TAMPINES AVE 8,521876,1.35268035743845,103.929931932805,2026-02-20
216972,2025-12,TAMPINES,5 ROOM,393,TAMPINES AVE 7,10 TO 12,128.0,Improved,1994,67 years 11 months,850000.0,393 TAMPINES AVE 7,520393,1.35519248677247,103.956968778244,2026-02-20
216968,2025-12,TAMPINES,5 ROOM,859A,TAMPINES AVE 5,07 TO 09,122.0,Improved,1988,61 years 04 months,850000.0,859A TAMPINES AVE 5,521859,1.35506307407851,103.938057162871,2026-02-20
216955,2025-12,TAMPINES,5 ROOM,225,SIMEI ST 4,04 TO 06,128.0,Improved,1988,62 years,825000.0,225 SIMEI ST 4,520225,1.34231488348319,103.957247740045,2026-02-20
216943,2025-12,TAMPINES,5 ROOM,116,SIMEI ST 1,04 TO 06,121.0,Improved,1988,62 years,800000.0,116 SIMEI ST 1,520116,1.34358452919709,103.951127773868,2026-02-20
216942,2025-12,TAMPINES,5 ROOM,253,SIMEI ST 1,04 TO 06,122.0,Improved,1996,69 years 10 months,828888.0,253 SIMEI ST 1,520253,1.34182116705155,103.952585980598,2026-02-20
216625,2025-12,TAMPINES,4 ROOM,406,TAMPINES ST 41,04 TO 06,89.0,Simplified,1986,59 years 11 months,618888.0,406 TAMPINES ST 41,520406,1.35782898281099,103.945792875974,2026-02-20
216624,2025-12,TAMPINES,4 ROOM,421,TAMPINES ST 41,07 TO 09,104.0,Model A,1985,58 years 07 months,645888.0,421 TAMPINES ST 41,520421,1.35751860691899,103.947536321519,2026-02-20
216602,2025-12,TAMPINES,4 ROOM,373,TAMPINES ST 34,04 TO 06,105.0,Model A,1995,68 years 09 months,618000.0,373 TAMPINES ST 34,520373,1.3560218473311,103.958780627307,2026-02-20
215932,2025-12,TAMPINES,3 ROOM,492G,TAMPINES ST 45,10 TO 12,67.0,Model A,2018,92 years,565000.0,492G TAMPINES ST 45,527492,1.36424140790743,103.95508531832,2026-02-20
216078,2025-12,TAMPINES,4 ROOM,145,SIMEI ST 2,04 TO 06,84.0,Simplified,1988,61 years 04 months,586000.0,145 SIMEI ST 2,520145,1.34484832828898,103.955553840065,2026-02-20
216076,2025-12,TAMPINES,4 ROOM,112,SIMEI ST 1,07 TO 09,84.0,Simplified,1988,61 years 02 months,570000.0,112 SIMEI ST 1,520112,1.3431095844731,103.949559595972,2026-02-20
216075,2025-12,TAMPINES,4 ROOM,149,SIMEI ST 1,07 TO 09,84.0,Simplified,1988,61 years 04 months,590000.0,149 SIMEI ST 1,520149,1.34588876242278,103.956025808254,2026-02-20
216074,2025-12,TAMPINES,4 ROOM,138,SIMEI ST 1,04 TO 06,84.0,Simplified,1988,61 years 08 months,580000.0,138 SIMEI ST 1,520138,1.34721811835569,103.956900531765,2026-02-20
216073,2025-12,TAMPINES,4 ROOM,133,SIMEI ST 1,07 TO 09,88.0,Simplified,1988,61 years 09 months,595000.0,133 SIMEI ST 1,520133,1.34731366588756,103.955678504969,2026-02-20
216072,2025-12,TAMPINES,4 ROOM,102,SIMEI ST 1,04 TO 06,104.0,Model A,1988,62 years,663000.0,102 SIMEI ST 1,520102,1.34134724976252,103.951355074928,2026-02-20
216013,2025-12,TAMPINES,4 ROOM,168C,SIMEI LANE,01 TO 03,94.0,DBSS,2011,84 years 03 months,798000.0,168C SIMEI LANE,523168,1.34247709890668,103.958539053563,2026-02-20
216003,2025-12,TAMPINES,3 ROOM,930,TAMPINES ST 91,10 TO 12,73.0,Model A,1984,58 years 01 month,508000.0,930 TAMPINES ST 91,520930,1.34596292007996,103.939614775098,2026-02-20
215985,2025-12,TAMPINES,3 ROOM,847,TAMPINES ST 83,01 TO 03,74.0,Model A,1987,60 years 11 months,475000.0,847 TAMPINES ST 83,520847,1.35251107659385,103.935059005284,2026-02-20
215984,2025-12,TAMPINES,3 ROOM,845,TAMPINES ST 83,10 TO 12,74.0,Model A,1987,61 years 01 month,500000.0,845 TAMPINES ST 83,520845,1.35218255588167,103.934926756252,2026-02-20
215976,2025-12,TAMPINES,3 ROOM,852,TAMPINES ST 82,10 TO 12,74.0,Model A,1985,58 years 06 months,480000.0,852 TAMPINES ST 82,520852,1.35270378927022,103.936448526607,2026-02-20
215967,2025-12,TAMPINES,3 ROOM,898,TAMPINES ST 81,04 TO 06,74.0,Model A,1988,61 years 05 months,494000.0,898 TAMPINES ST 81,520898,1.3472811716457,103.934756968904,2026-02-20
215922,2025-12,TAMPINES,3 ROOM,494E,TAMPINES ST 43,10 TO 12,67.0,Model A,2015,88 years 11 months,540000.0,494E TAMPINES ST 43,525494,1.36421531545345,103.953511202271,2026-02-20
216098,2025-12,TAMPINES,4 ROOM,247,SIMEI ST 5,10 TO 12,105.0,Model A,1997,70 years 02 months,800000.0,247 SIMEI ST 5,520247,1.34427596104719,103.953170238617,2026-02-20
215921,2025-12,TAMPINES,3 ROOM,494D,TAMPINES ST 43,01 TO 03,68.0,Model A,2015,88 years 11 months,550000.0,494D TAMPINES ST 43,524494,1.36380015761494,103.953438683803,2026-02-20
215902,2025-12,TAMPINES,3 ROOM,419,TAMPINES ST 41,07 TO 09,64.0,Simplified,1985,59 years 01 month,480000.0,419 TAMPINES ST 41,520419,1.35783252178817,103.946726918914,2026-02-20
215901,2025-12,TAMPINES,3 ROOM,417,TAMPINES ST 41,04 TO 06,60.0,Improved,1985,59 years 01 month,470000.0,417 TAMPINES ST 41,520417,1.35878092518789,103.947275912962,2026-02-20
215900,2025-12,TAMPINES,3 ROOM,410,TAMPINES ST 41,01 TO 03,69.0,Improved,1985,58 years 10 months,450000.0,410 TAMPINES ST 41,520410,1.35877773497643,103.946270788952,2026-02-20
215868,2025-12,TAMPINES,3 ROOM,223,TAMPINES ST 24,01 TO 03,67.0,New Generation,1985,59 years,460000.0,223 TAMPINES ST 24,521223,1.35538447535137,103.953204502396,2026-02-20
215856,2025-12,TAMPINES,3 ROOM,213,TAMPINES ST 23,01 TO 03,73.0,Model A,1985,58 years 04 months,460000.0,213 TAMPINES ST 23,520213,1.35479532321043,103.953935558339,2026-02-20
215840,2025-12,TAMPINES,3 ROOM,291,TAMPINES ST 22,07 TO 09,73.0,Model A,1984,57 years 08 months,465000.0,291 TAMPINES ST 22,520291,1.35002249802552,103.95518196801,2026-02-20
215821,2025-12,TAMPINES,3 ROOM,269,TAMPINES ST 21,04 TO 06,79.0,Model A,1984,57 years 04 months,490000.0,269 TAMPINES ST 21,520269,1.35074543601676,103.948024392634,2026-02-20
215820,2025-12,TAMPINES,3 ROOM,237,TAMPINES ST 21,01 TO 03,73.0,Model A,1984,57 years 11 months,499000.0,237 TAMPINES ST 21,520237,1.35549051078672,103.947212194692,2026-02-20
215819,2025-12,TAMPINES,3 ROOM,263,TAMPINES ST 21,04 TO 06,74.0,Model A,1984,57 years 10 months,470000.0,263 TAMPINES ST 21,520263,1.35330602954221,103.95114433296,2026-02-20
215764,2025-12,TAMPINES,3 ROOM,109,TAMPINES ST 11,01 TO 03,78.0,Model A,1984,57 years 10 months,511000.0,109 TAMPINES ST 11,521109,1.34740780737329,103.948811827647,2026-02-20
215763,2025-12,TAMPINES,3 ROOM,105,TAMPINES ST 11,07 TO 09,79.0,Model A,1982,56 years 01 month,512000.0,105 TAMPINES ST 11,521105,1.3480931246949,103.947177564477,2026-02-20
216097,2025-12,TAMPINES,4 ROOM,244,SIMEI ST 5,10 TO 12,104.0,Model A,1997,70 years 02 months,770000.0,244 SIMEI ST 5,520244,1.34381139061039,103.954503239744,2026-02-20
216099,2025-12,TAMPINES,4 ROOM,245,SIMEI ST 5,04 TO 06,105.0,Model A,1997,70 years 01 month,775000.0,245 SIMEI ST 5,520245,1.34436497527246,103.954261819807,2026-02-20
216601,2025-12,TAMPINES,4 ROOM,365,TAMPINES ST 34,04 TO 06,100.0,Model A,1997,70 years 01 month,626000.0,365 TAMPINES ST 34,520365,1.35768611954955,103.960620745568,2026-02-20
216500,2025-12,TAMPINES,4 ROOM,239,TAMPINES ST 21,01 TO 03,97.0,New Generation,1984,58 years,635000.0,239 TAMPINES ST 21,520239,1.35477157041693,103.946584056018,2026-02-20
216600,2025-12,TAMPINES,4 ROOM,368,TAMPINES ST 34,04 TO 06,102.0,Model A,1997,70 years 06 months,600000.0,368 TAMPINES ST 34,520368,1.35847458329919,103.961288498131,2026-02-20
216599,2025-12,TAMPINES,4 ROOM,359,TAMPINES ST 34,01 TO 03,103.0,Model A,1996,69 years 04 months,620000.0,359 TAMPINES ST 34,520359,1.35588169299314,103.961638534274,2026-02-20
216577,2025-12,TAMPINES,4 ROOM,354,TAMPINES ST 33,01 TO 03,107.0,Model A,1996,69 years 08 months,575000.0,354 TAMPINES ST 33,520354,1.35486140227222,103.962498873896,2026-02-20
216576,2025-12,TAMPINES,4 ROOM,317,TAMPINES ST 33,10 TO 12,108.0,Model A,1995,68 years 08 months,630000.0,317 TAMPINES ST 33,520317,1.35153802906184,103.956897901071,2026-02-20
216575,2025-12,TAMPINES,4 ROOM,339,TAMPINES ST 33,07 TO 09,111.0,Model A,1995,69 years 01 month,608000.0,339 TAMPINES ST 33,520339,1.35114569081609,103.959124538361,2026-02-20
216574,2025-12,TAMPINES,4 ROOM,319,TAMPINES ST 33,04 TO 06,111.0,Model A,1995,68 years 11 months,650000.0,319 TAMPINES ST 33,520319,1.35086520634088,103.956396069577,2026-02-20
216537,2025-12,TAMPINES,4 ROOM,214,TAMPINES ST 23,01 TO 03,91.0,New Generation,1985,59 years 01 month,580000.0,214 TAMPINES ST 23,520214,1.35466245223197,103.953529846928,2026-02-20
216528,2025-12,TAMPINES,4 ROOM,284,TAMPINES ST 22,10 TO 12,103.0,Model A,1984,57 years 08 months,626500.0,284 TAMPINES ST 22,520284,1.34910384523476,103.952628180763,2026-02-20
216527,2025-12,TAMPINES,4 ROOM,286,TAMPINES ST 22,04 TO 06,105.0,Model A,1984,57 years 07 months,585000.0,286 TAMPINES ST 22,520286,1.34953667920762,103.952988196976,2026-02-20
216503,2025-12,TAMPINES,4 ROOM,251,TAMPINES ST 21,01 TO 03,110.0,Model A,1985,58 years 01 month,645000.0,251 TAMPINES ST 21,520251,1.35275541922653,103.948119177521,2026-02-20
216502,2025-12,TAMPINES,4 ROOM,265,TAMPINES ST 21,07 TO 09,105.0,Model A,1984,57 years 09 months,620000.0,265 TAMPINES ST 21,520265,1.35245349194636,103.950238896388,2026-02-20
216501,2025-12,TAMPINES,4 ROOM,247,TAMPINES ST 21,07 TO 09,92.0,New Generation,1984,57 years 05 months,630000.0,247 TAMPINES ST 21,521247,1.35228092171658,103.946911552645,2026-02-20
216499,2025-12,TAMPINES,4 ROOM,237,TAMPINES ST 21,07 TO 09,104.0,Model A,1984,57 years 11 months,715000.0,237 TAMPINES ST 21,520237,1.35549051078672,103.947212194692,2026-02-20
216148,2025-12,TAMPINES,4 ROOM,859A,TAMPINES AVE 5,10 TO 12,104.0,Model A,1988,61 years 04 months,715000.0,859A TAMPINES AVE 5,521859,1.35506307407851,103.938057162871,2026-02-20
216461,2025-12,TAMPINES,4 ROOM,144,TAMPINES ST 12,07 TO 09,106.0,Model A,1985,58 years 04 months,648000.0,144 TAMPINES ST 12,521144,1.34841857750645,103.943725846535,2026-02-20
216460,2025-12,TAMPINES,4 ROOM,150,TAMPINES ST 12,04 TO 06,103.0,Model A,1984,57 years 07 months,680000.0,150 TAMPINES ST 12,521150,1.35094609975013,103.943260115057,2026-02-20
216459,2025-12,TAMPINES,4 ROOM,163,TAMPINES ST 12,04 TO 06,107.0,Model A,1984,57 years 06 months,655000.0,163 TAMPINES ST 12,521163,1.34953223099799,103.947459140714,2026-02-20
216421,2025-12,TAMPINES,4 ROOM,612B,TAMPINES NTH DR 1,13 TO 15,93.0,Model A,2020,93 years 11 months,800888.0,612B TAMPINES NTH DR 1,522612,1.36536043524759,103.935789815182,2026-02-20
216420,2025-12,TAMPINES,4 ROOM,610C,TAMPINES NTH DR 1,10 TO 12,93.0,Model A,2020,93 years 11 months,798000.0,610C TAMPINES NTH DR 1,523610,1.36441776002022,103.935558340158,2026-02-20
216419,2025-12,TAMPINES,4 ROOM,610C,TAMPINES NTH DR 1,04 TO 06,93.0,Model A,2020,94 years,768888.0,610C TAMPINES NTH DR 1,523610,1.36441776002022,103.935558340158,2026-02-20
216263,2025-12,TAMPINES,4 ROOM,519C,TAMPINES CTRL 8,07 TO 09,84.0,DBSS,2014,87 years 07 months,882888.0,519C TAMPINES CTRL 8,523519,1.35621338867608,103.939960455271,2026-02-20
216246,2025-12,TAMPINES,4 ROOM,523C,TAMPINES CTRL 7,10 TO 12,93.0,Model A,2015,88 years 09 months,796000.0,523C TAMPINES CTRL 7,523523,1.35988670789408,103.938870018657,2026-02-20
216216,2025-12,TAMPINES,4 ROOM,496G,TAMPINES AVE 9,10 TO 12,106.0,Model A,1993,66 years 08 months,620000.0,496G TAMPINES AVE 9,523496,1.3608108179675,103.950582220408,2026-02-20
216215,2025-12,TAMPINES,4 ROOM,604A,TAMPINES AVE 9,13 TO 15,92.0,Model A,2020,93 years 03 months,780000.0,604A TAMPINES AVE 9,521604,1.36136735465848,103.935193332453,2026-02-20
216176,2025-12,TAMPINES,4 ROOM,876A,TAMPINES AVE 8,10 TO 12,93.0,Model A,2021,94 years 11 months,780000.0,876A TAMPINES AVE 8,521876,1.35268035743845,103.929931932805,2026-02-20
216175,2025-12,TAMPINES,4 ROOM,878A,TAMPINES AVE 8,04 TO 06,93.0,Model A,2017,90 years 07 months,710000.0,878A TAMPINES AVE 8,521878,1.35166373353574,103.929646035306,2026-02-20
217328,2025-12,TAMPINES,5 ROOM,605C,TAMPINES ST 61,07 TO 09,112.0,Improved,2020,93 years 03 months,880000.0,605C TAMPINES ST 61,523605,1.36187235882243,103.935562446566,2026-02-20
217329,2025-12,TAMPINES,5 ROOM,606D,TAMPINES ST 61,07 TO 09,112.0,Improved,2020,93 years 03 months,910888.0,606D TAMPINES ST 61,524606,1.36185122194834,103.937073184127,2026-02-20
217348,2025-12,TAMPINES,5 ROOM,728,TAMPINES ST 71,04 TO 06,123.0,Improved,1997,70 years 10 months,810000.0,728 TAMPINES ST 71,520728,1.35622572265317,103.934838867632,2026-02-20
218138,2025-12,TOA PAYOH,4 ROOM,259,KIM KEAT AVE,01 TO 03,103.0,Model A,1989,62 years 02 months,665000.0,259 KIM KEAT AVE,310259,1.33389588710225,103.857558824931,2026-02-20
218335,2025-12,TOA PAYOH,4 ROOM,142,POTONG PASIR AVE 3,01 TO 03,104.0,Model A,1984,57 years 08 months,755000.0,142 POTONG PASIR AVE 3,350142,1.33320406699901,103.866992603867,2026-02-20
218331,2025-12,TOA PAYOH,4 ROOM,119,POTONG PASIR AVE 1,07 TO 09,93.0,New Generation,1984,57 years 11 months,651026.0,119 POTONG PASIR AVE 1,350119,1.33456149665389,103.862943044844,2026-02-20
218315,2025-12,TOA PAYOH,4 ROOM,227,LOR 8 TOA PAYOH,13 TO 15,82.0,Improved,1976,49 years 06 months,490000.0,227 LOR 8 TOA PAYOH,310227,1.33951514445795,103.857970837281,2026-02-20
218314,2025-12,TOA PAYOH,4 ROOM,226,LOR 8 TOA PAYOH,01 TO 03,82.0,Improved,1976,49 years 06 months,438000.0,226 LOR 8 TOA PAYOH,310226,1.33951566601807,103.857051021906,2026-02-20
218277,2025-12,TOA PAYOH,4 ROOM,14B,LOR 7 TOA PAYOH,01 TO 03,104.0,Model A,1998,71 years 08 months,777000.0,14B LOR 7 TOA PAYOH,312014,1.33573887362341,103.858408403539,2026-02-20
218250,2025-12,TOA PAYOH,4 ROOM,147,LOR 2 TOA PAYOH,13 TO 15,86.0,Model A,2006,79 years 02 months,930000.0,147 LOR 2 TOA PAYOH,310147,1.33454683171677,103.845077697814,2026-02-20
218212,2025-12,TOA PAYOH,4 ROOM,138A,LOR 1A TOA PAYOH,40 TO 42,91.0,DBSS,2012,85 years 05 months,1210000.0,138A LOR 1A TOA PAYOH,311138,1.33671098513786,103.845472945511,2026-02-20
218211,2025-12,TOA PAYOH,4 ROOM,139A,LOR 1A TOA PAYOH,25 TO 27,91.0,DBSS,2012,85 years 06 months,1068000.0,139A LOR 1A TOA PAYOH,311139,1.33627775831234,103.844044881122,2026-02-20
218191,2025-12,TOA PAYOH,4 ROOM,130B,LOR 1 TOA PAYOH,22 TO 24,93.0,Model A,2018,91 years 09 months,1158000.0,130B LOR 1 TOA PAYOH,312130,1.33737735210716,103.842656049195,2026-02-20
218190,2025-12,TOA PAYOH,4 ROOM,130B,LOR 1 TOA PAYOH,13 TO 15,93.0,Model A,2018,91 years 09 months,1113000.0,130B LOR 1 TOA PAYOH,312130,1.33737735210716,103.842656049195,2026-02-20
218189,2025-12,TOA PAYOH,4 ROOM,130A,LOR 1 TOA PAYOH,22 TO 24,93.0,Model A,2018,91 years 09 months,1125000.0,130A LOR 1 TOA PAYOH,311130,1.33739384161997,103.843183616479,2026-02-20
218148,2025-12,TOA PAYOH,4 ROOM,250,KIM KEAT LINK,04 TO 06,103.0,Model A,1989,62 years 02 months,655888.0,250 KIM KEAT LINK,310250,1.33199426583747,103.856650727575,2026-02-20
218123,2025-12,TOA PAYOH,4 ROOM,101A,BIDADARI PK DR,07 TO 09,93.0,Model A,2021,94 years 07 months,1138000.0,101A BIDADARI PK DR,341101,1.33685462167621,103.870996313693,2026-02-20
218375,2025-12,TOA PAYOH,4 ROOM,79E,TOA PAYOH CTRL,04 TO 06,76.0,Model A,2009,82 years 06 months,750000.0,79E TOA PAYOH CTRL,315079,1.33472713626235,103.849822984337,2026-02-20
218122,2025-12,TOA PAYOH,4 ROOM,101A,BIDADARI PK DR,04 TO 06,93.0,Model A,2021,94 years 07 months,1085000.0,101A BIDADARI PK DR,341101,1.33685462167621,103.870996313693,2026-02-20
218121,2025-12,TOA PAYOH,4 ROOM,101A,BIDADARI PK DR,13 TO 15,93.0,Model A,2021,94 years 07 months,1125000.0,101A BIDADARI PK DR,341101,1.33685462167621,103.870996313693,2026-02-20
218120,2025-12,TOA PAYOH,4 ROOM,101A,BIDADARI PK DR,07 TO 09,93.0,Model A,2021,94 years 07 months,1130000.0,101A BIDADARI PK DR,341101,1.33685462167621,103.870996313693,2026-02-20
218119,2025-12,TOA PAYOH,4 ROOM,102A,BIDADARI PK DR,01 TO 03,93.0,Model A,2021,94 years 07 months,988000.0,102A BIDADARI PK DR,341102,1.33735590005967,103.871390657454,2026-02-20
218118,2025-12,TOA PAYOH,4 ROOM,102B,BIDADARI PK DR,10 TO 12,93.0,Model A,2021,94 years 07 months,1140000.0,102B BIDADARI PK DR,342102,1.33622045424375,103.871847066518,2026-02-20
218117,2025-12,TOA PAYOH,4 ROOM,101A,BIDADARI PK DR,13 TO 15,93.0,Model A,2021,94 years 07 months,1140000.0,101A BIDADARI PK DR,341101,1.33685462167621,103.870996313693,2026-02-20
218052,2025-12,TOA PAYOH,4 ROOM,118A,ALKAFF CRES,10 TO 12,93.0,Model A,2020,94 years 01 month,1180000.0,118A ALKAFF CRES,341118,1.33649028446747,103.873777299654,2026-02-20
218051,2025-12,TOA PAYOH,4 ROOM,118A,ALKAFF CRES,13 TO 15,93.0,Model A,2020,94 years 01 month,1168000.0,118A ALKAFF CRES,341118,1.33649028446747,103.873777299654,2026-02-20
218050,2025-12,TOA PAYOH,4 ROOM,115C,ALKAFF CRES,13 TO 15,97.0,Model A,2020,94 years 01 month,1320000.0,115C ALKAFF CRES,343115,1.33722847497236,103.872886634076,2026-02-20
218049,2025-12,TOA PAYOH,4 ROOM,118A,ALKAFF CRES,13 TO 15,93.0,Model A,2020,94 years 01 month,1180000.0,118A ALKAFF CRES,341118,1.33649028446747,103.873777299654,2026-02-20
217997,2025-12,TOA PAYOH,3 ROOM,205,TOA PAYOH NTH,04 TO 06,65.0,Improved,1973,46 years 08 months,300000.0,205 TOA PAYOH NTH,310205,1.34220948332494,103.847727620222,2026-02-20
217996,2025-12,TOA PAYOH,3 ROOM,207,TOA PAYOH NTH,01 TO 03,76.0,Improved,1973,46 years 08 months,446000.0,207 TOA PAYOH NTH,310207,1.3423823110644,103.845598140612,2026-02-20
218374,2025-12,TOA PAYOH,4 ROOM,79E,TOA PAYOH CTRL,25 TO 27,76.0,Model A,2009,82 years 05 months,855000.0,79E TOA PAYOH CTRL,315079,1.33472713626235,103.849822984337,2026-02-20
218412,2025-12,TOA PAYOH,4 ROOM,263,TOA PAYOH EAST,22 TO 24,93.0,Model A,2019,93 years,1055000.0,263 TOA PAYOH EAST,310263,1.33296386438488,103.855447426238,2026-02-20
217977,2025-12,TOA PAYOH,3 ROOM,25,TOA PAYOH EAST,01 TO 03,67.0,Improved,1971,44 years 02 months,340000.0,25 TOA PAYOH EAST,310025,1.33356606706026,103.856981751253,2026-02-20
218575,2025-12,TOA PAYOH,5 ROOM,6,LOR 7 TOA PAYOH,13 TO 15,121.0,Improved,1998,71 years 10 months,943888.0,6 LOR 7 TOA PAYOH,310006,1.33858279721249,103.85719237771,2026-02-20
218663,2025-12,WOODLANDS,2 ROOM,182A,WOODLANDS ST 13,25 TO 27,47.0,Model A,2019,92 years 11 months,423000.0,182A WOODLANDS ST 13,731182,1.43569654168682,103.775515756855,2026-02-20
218662,2025-12,WOODLANDS,2 ROOM,185B,WOODLANDS ST 13,04 TO 06,47.0,Model A,2019,92 years 11 months,380000.0,185B WOODLANDS ST 13,732185,1.43585650383199,103.776294109996,2026-02-20
218661,2025-12,WOODLANDS,2 ROOM,182A,WOODLANDS ST 13,19 TO 21,47.0,Model A,2019,92 years 11 months,408000.0,182A WOODLANDS ST 13,731182,1.43569654168682,103.775515756855,2026-02-20
218652,2025-12,WOODLANDS,2 ROOM,574A,WOODLANDS DR 16,10 TO 12,47.0,2-room,2018,91 years 07 months,380000.0,574A WOODLANDS DR 16,731574,1.43009191759022,103.797488334456,2026-02-20
218647,2025-12,WOODLANDS,2 ROOM,780A,WOODLANDS CRES,04 TO 06,47.0,Model A,2015,88 years 07 months,360000.0,780A WOODLANDS CRES,731780,1.44867890682994,103.80077081866,2026-02-20
218646,2025-12,WOODLANDS,2 ROOM,780F,WOODLANDS CRES,04 TO 06,47.0,Model A,2015,88 years 08 months,355000.0,780F WOODLANDS CRES,736780,1.44777726469884,103.801148446244,2026-02-20
218631,2025-12,WOODLANDS,2 ROOM,693B,WOODLANDS AVE 6,07 TO 09,47.0,Model A,2018,91 years 10 months,370000.0,693B WOODLANDS AVE 6,732693,1.43850605916385,103.804250612304,2026-02-20
218614,2025-12,TOA PAYOH,EXECUTIVE,254,KIM KEAT AVE,01 TO 03,146.0,Maisonette,1989,62 years 02 months,950000.0,254 KIM KEAT AVE,310254,1.33173315408576,103.858329268353,2026-02-20
218602,2025-12,TOA PAYOH,5 ROOM,142,POTONG PASIR AVE 3,10 TO 12,152.0,Model A-Maisonette,1984,57 years 08 months,1254000.0,142 POTONG PASIR AVE 3,350142,1.33320406699901,103.866992603867,2026-02-20
218594,2025-12,TOA PAYOH,5 ROOM,216,LOR 8 TOA PAYOH,13 TO 15,114.0,Standard,1975,48 years 09 months,688000.0,216 LOR 8 TOA PAYOH,310216,1.3424720602594,103.854178690288,2026-02-20
218593,2025-12,TOA PAYOH,5 ROOM,216,LOR 8 TOA PAYOH,19 TO 21,114.0,Standard,1975,48 years 09 months,683000.0,216 LOR 8 TOA PAYOH,310216,1.3424720602594,103.854178690288,2026-02-20
218576,2025-12,TOA PAYOH,5 ROOM,14A,LOR 7 TOA PAYOH,07 TO 09,121.0,Improved,1998,71 years 09 months,968000.0,14A LOR 7 TOA PAYOH,311014,1.3362682080095,103.858315233952,2026-02-20
218574,2025-12,TOA PAYOH,5 ROOM,6,LOR 7 TOA PAYOH,22 TO 24,121.0,Improved,1998,71 years 10 months,968000.0,6 LOR 7 TOA PAYOH,310006,1.33858279721249,103.85719237771,2026-02-20
218430,2025-12,TOA PAYOH,4 ROOM,200,TOA PAYOH NTH,07 TO 09,87.0,Improved,1973,46 years 08 months,508888.0,200 TOA PAYOH NTH,310200,1.34167292743585,103.851007776843,2026-02-20
218561,2025-12,TOA PAYOH,5 ROOM,46,LOR 5 TOA PAYOH,04 TO 06,125.0,Improved,1993,66 years 05 months,850000.0,46 LOR 5 TOA PAYOH,310046,1.33646658279122,103.853221418049,2026-02-20
218560,2025-12,TOA PAYOH,5 ROOM,43,LOR 5 TOA PAYOH,07 TO 09,123.0,Improved,1993,66 years 05 months,850000.0,43 LOR 5 TOA PAYOH,310043,1.3359069234545,103.854314596382,2026-02-20
218559,2025-12,TOA PAYOH,5 ROOM,50,LOR 5 TOA PAYOH,10 TO 12,123.0,Improved,1993,66 years 05 months,881000.0,50 LOR 5 TOA PAYOH,310050,1.33698988933191,103.852692901602,2026-02-20
218532,2025-12,TOA PAYOH,5 ROOM,97,LOR 3 TOA PAYOH,07 TO 09,132.0,Model A,1993,66 years 05 months,1050000.0,97 LOR 3 TOA PAYOH,310097,1.33862553170269,103.847769289898,2026-02-20
218529,2025-12,TOA PAYOH,5 ROOM,84B,LOR 2 TOA PAYOH,13 TO 15,122.0,Improved,1997,70 years 06 months,1188000.0,84B LOR 2 TOA PAYOH,312084,1.33576502294173,103.846802632068,2026-02-20
218528,2025-12,TOA PAYOH,5 ROOM,121,LOR 2 TOA PAYOH,10 TO 12,122.0,Improved,2002,75 years 02 months,1146000.0,121 LOR 2 TOA PAYOH,310121,1.3391626233715,103.846243540344,2026-02-20
218527,2025-12,TOA PAYOH,5 ROOM,142,LOR 2 TOA PAYOH,07 TO 09,115.0,Improved,2001,74 years 02 months,1086000.0,142 LOR 2 TOA PAYOH,310142,1.33583774995002,103.845162997311,2026-02-20
218508,2025-12,TOA PAYOH,5 ROOM,139A,LOR 1A TOA PAYOH,10 TO 12,110.0,DBSS,2012,85 years 05 months,1250888.0,139A LOR 1A TOA PAYOH,311139,1.33627775831234,103.844044881122,2026-02-20
218507,2025-12,TOA PAYOH,5 ROOM,139B,LOR 1A TOA PAYOH,40 TO 42,117.0,DBSS,2012,85 years 05 months,1525000.0,139B LOR 1A TOA PAYOH,312139,1.33671109109394,103.843878159336,2026-02-20
218482,2025-12,TOA PAYOH,5 ROOM,156,LOR 1 TOA PAYOH,04 TO 06,118.0,Improved,1999,72 years 03 months,1038888.0,156 LOR 1 TOA PAYOH,310156,1.33256473217629,103.845206893398,2026-02-20
218462,2025-12,TOA PAYOH,5 ROOM,12,JOO SENG RD,10 TO 12,132.0,Model A,1984,57 years 07 months,848000.0,12 JOO SENG RD,360012,1.33585385483747,103.87893270615,2026-02-20
218451,2025-12,TOA PAYOH,5 ROOM,105B,BIDADARI PK DR,07 TO 09,114.0,Improved,2020,93 years 09 months,1380000.0,105B BIDADARI PK DR,342105,1.33347403879152,103.870490405284,2026-02-20
217995,2025-12,TOA PAYOH,3 ROOM,199,TOA PAYOH NTH,01 TO 03,76.0,Improved,1982,55 years 02 months,410000.0,199 TOA PAYOH NTH,310199,1.34203351013688,103.850648936995,2026-02-20
217976,2025-12,TOA PAYOH,3 ROOM,23,TOA PAYOH EAST,01 TO 03,65.0,Improved,1970,43 years 08 months,399000.0,23 TOA PAYOH EAST,310023,1.33455570085904,103.857191175608,2026-02-20
217349,2025-12,TAMPINES,5 ROOM,733,TAMPINES ST 71,07 TO 09,123.0,Improved,1997,70 years 07 months,815000.0,733 TAMPINES ST 71,520733,1.3578245820795,103.933874048097,2026-02-20
217455,2025-12,TAMPINES,EXECUTIVE,151,TAMPINES ST 12,04 TO 06,148.0,Maisonette,1984,57 years 09 months,1050000.0,151 TAMPINES ST 12,521151,1.35140047388047,103.943793356408,2026-02-20
217627,2025-12,TOA PAYOH,3 ROOM,101A,BIDADARI PK DR,01 TO 03,68.0,Model A,2021,94 years 07 months,785000.0,101A BIDADARI PK DR,341101,1.33685462167621,103.870996313693,2026-02-20
217612,2025-12,TOA PAYOH,3 ROOM,115A,ALKAFF CRES,13 TO 15,68.0,Model A,2020,94 years,828000.0,115A ALKAFF CRES,341115,1.33645283610396,103.87276093968,2026-02-20
217611,2025-12,TOA PAYOH,3 ROOM,118A,ALKAFF CRES,10 TO 12,68.0,Model A,2020,94 years 01 month,790000.0,118A ALKAFF CRES,341118,1.33649028446747,103.873777299654,2026-02-20
217610,2025-12,TOA PAYOH,3 ROOM,118A,ALKAFF CRES,07 TO 09,72.0,Model A,2020,94 years 01 month,891919.0,118A ALKAFF CRES,341118,1.33649028446747,103.873777299654,2026-02-20
217554,2025-12,TAMPINES,EXECUTIVE,867A,TAMPINES ST 83,04 TO 06,146.0,Maisonette,1989,62 years 03 months,1005000.0,867A TAMPINES ST 83,521867,1.35570643617712,103.933753485939,2026-02-20
217546,2025-12,TAMPINES,EXECUTIVE,856C,TAMPINES ST 82,10 TO 12,145.0,Apartment,1995,69 years,1180000.0,856C TAMPINES ST 82,523856,1.35250510171565,103.937587507316,2026-02-20
217541,2025-12,TAMPINES,EXECUTIVE,895,TAMPINES ST 81,04 TO 06,146.0,Maisonette,1988,61 years 10 months,880000.0,895 TAMPINES ST 81,520895,1.34778263902831,103.931593522645,2026-02-20
217512,2025-12,TAMPINES,EXECUTIVE,495D,TAMPINES ST 43,04 TO 06,146.0,Apartment,1994,67 years 02 months,950000.0,495D TAMPINES ST 43,523495,1.36367184996528,103.952024565359,2026-02-20
217511,2025-12,TAMPINES,EXECUTIVE,495C,TAMPINES ST 43,07 TO 09,147.0,Apartment,1994,67 years 02 months,938000.0,495C TAMPINES ST 43,522495,1.36323870680686,103.951624679385,2026-02-20
217476,2025-12,TAMPINES,EXECUTIVE,327,TAMPINES ST 32,10 TO 12,147.0,Apartment,1995,69 years 01 month,955000.0,327 TAMPINES ST 32,520327,1.35244718454516,103.958287602194,2026-02-20
217475,2025-12,TAMPINES,EXECUTIVE,310,TAMPINES ST 32,10 TO 12,153.0,Apartment,1993,66 years 08 months,1050000.0,310 TAMPINES ST 32,520310,1.3534632069362,103.957113086015,2026-02-20
217456,2025-12,TAMPINES,EXECUTIVE,151,TAMPINES ST 12,07 TO 09,148.0,Apartment,1984,57 years 09 months,1100000.0,151 TAMPINES ST 12,521151,1.35140047388047,103.943793356408,2026-02-20
217454,2025-12,TAMPINES,EXECUTIVE,156,TAMPINES ST 12,10 TO 12,148.0,Maisonette,1984,57 years 10 months,1038888.0,156 TAMPINES ST 12,521156,1.35162194359965,103.945090000876,2026-02-20
217645,2025-12,TOA PAYOH,3 ROOM,195,KIM KEAT AVE,07 TO 09,66.0,Improved,1973,46 years 09 months,315000.0,195 KIM KEAT AVE,310195,1.33008102222991,103.858354604112,2026-02-20
217434,2025-12,TAMPINES,EXECUTIVE,858,TAMPINES AVE 5,04 TO 06,146.0,Maisonette,1988,61 years 02 months,1090000.0,858 TAMPINES AVE 5,520858,1.3542933216388,103.937594965945,2026-02-20
217409,2025-12,TAMPINES,EXECUTIVE,229,SIMEI ST 4,04 TO 06,146.0,Maisonette,1988,61 years 07 months,1050000.0,229 SIMEI ST 4,520229,1.34315531075237,103.956105132704,2026-02-20
217405,2025-12,TAMPINES,EXECUTIVE,105,SIMEI ST 1,01 TO 03,146.0,Maisonette,1988,61 years 03 months,960000.0,105 SIMEI ST 1,520105,1.34092459427981,103.950742498791,2026-02-20
217404,2025-12,TAMPINES,5 ROOM,912,TAMPINES ST 91,07 TO 09,133.0,Model A,1984,57 years 10 months,803888.0,912 TAMPINES ST 91,520912,1.34943561239534,103.939252333523,2026-02-20
217399,2025-12,TAMPINES,5 ROOM,875B,TAMPINES ST 86,13 TO 15,113.0,Improved,2021,94 years 11 months,960000.0,875B TAMPINES ST 86,522875,1.35291999213671,103.929501131497,2026-02-20
217386,2025-12,TAMPINES,5 ROOM,862A,TAMPINES ST 83,01 TO 03,122.0,Improved,1988,61 years 06 months,780000.0,862A TAMPINES ST 83,521862,1.35506376155743,103.936507216423,2026-02-20
217374,2025-12,TAMPINES,5 ROOM,842B,TAMPINES ST 82,01 TO 03,125.0,Improved,1995,68 years 03 months,795000.0,842B TAMPINES ST 82,522842,1.35132561986977,103.936921079502,2026-02-20
217373,2025-12,TAMPINES,5 ROOM,842C,TAMPINES ST 82,01 TO 03,129.0,Improved,1995,68 years 03 months,790000.0,842C TAMPINES ST 82,523842,1.35092895351478,103.936758459605,2026-02-20
217372,2025-12,TAMPINES,5 ROOM,842E,TAMPINES ST 82,10 TO 12,128.0,Improved,1995,68 years 09 months,930000.0,842E TAMPINES ST 82,525842,1.35157120885478,103.938444966547,2026-02-20
217352,2025-12,TAMPINES,5 ROOM,721,TAMPINES ST 71,04 TO 06,120.0,Improved,1997,70 years 05 months,778000.0,721 TAMPINES ST 71,520721,1.3599202305003,103.936352048283,2026-02-20
217351,2025-12,TAMPINES,5 ROOM,732,TAMPINES ST 71,01 TO 03,123.0,Improved,1997,70 years 07 months,751888.0,732 TAMPINES ST 71,520732,1.35755873795717,103.934320421541,2026-02-20
217350,2025-12,TAMPINES,5 ROOM,731,TAMPINES ST 71,07 TO 09,124.0,Improved,1997,70 years 07 months,863000.0,731 TAMPINES ST 71,520731,1.35700670008105,103.934099343677,2026-02-20
217628,2025-12,TOA PAYOH,3 ROOM,101A,BIDADARI PK DR,04 TO 06,68.0,Model A,2021,94 years 07 months,803000.0,101A BIDADARI PK DR,341101,1.33685462167621,103.870996313693,2026-02-20
217735,2025-12,TOA PAYOH,3 ROOM,126,LOR 1 TOA PAYOH,13 TO 15,67.0,Improved,1970,43 years 02 months,410000.0,126 LOR 1 TOA PAYOH,310126,1.33781465652998,103.84513085219,2026-02-20
217942,2025-12,TOA PAYOH,3 ROOM,177,TOA PAYOH CTRL,01 TO 03,67.0,Improved,1972,45 years 08 months,448888.0,177 TOA PAYOH CTRL,310177,1.33390034057387,103.848854818382,2026-02-20
217854,2025-12,TOA PAYOH,3 ROOM,17,LOR 7 TOA PAYOH,19 TO 21,67.0,Improved,1971,44 years 02 months,392800.0,17 LOR 7 TOA PAYOH,310017,1.33642660399461,103.85660811051,2026-02-20
217921,2025-12,TOA PAYOH,3 ROOM,119,POTONG PASIR AVE 1,01 TO 03,67.0,New Generation,1984,57 years 10 months,430000.0,119 POTONG PASIR AVE 1,350119,1.33456149665389,103.862943044844,2026-02-20
217920,2025-12,TOA PAYOH,3 ROOM,105,POTONG PASIR AVE 1,10 TO 12,74.0,Model A,1984,57 years 07 months,573000.0,105 POTONG PASIR AVE 1,350105,1.33442373227683,103.868696835165,2026-02-20
217919,2025-12,TOA PAYOH,3 ROOM,116,POTONG PASIR AVE 1,04 TO 06,67.0,New Generation,1984,57 years 11 months,412000.0,116 POTONG PASIR AVE 1,350116,1.33682600128685,103.862613324599,2026-02-20
217918,2025-12,TOA PAYOH,3 ROOM,146,POTONG PASIR AVE 1,04 TO 06,64.0,Simplified,1998,71 years 10 months,635000.0,146 POTONG PASIR AVE 1,350146,1.3318007826539,103.867242849282,2026-02-20
217917,2025-12,TOA PAYOH,3 ROOM,148,POTONG PASIR AVE 1,04 TO 06,64.0,Simplified,1998,71 years 10 months,675000.0,148 POTONG PASIR AVE 1,350148,1.3323543597317,103.86777426102,2026-02-20
217916,2025-12,TOA PAYOH,3 ROOM,101,POTONG PASIR AVE 1,16 TO 18,74.0,Model A,1984,57 years 10 months,610000.0,101 POTONG PASIR AVE 1,350101,1.33315710123237,103.868380398922,2026-02-20
217878,2025-12,TOA PAYOH,3 ROOM,235,LOR 8 TOA PAYOH,07 TO 09,65.0,Improved,1976,49 years 05 months,365000.0,235 LOR 8 TOA PAYOH,310235,1.33894969177117,103.857138926344,2026-02-20
217877,2025-12,TOA PAYOH,3 ROOM,235,LOR 8 TOA PAYOH,10 TO 12,65.0,Improved,1976,49 years 07 months,362000.0,235 LOR 8 TOA PAYOH,310235,1.33894969177117,103.857138926344,2026-02-20
217858,2025-12,TOA PAYOH,3 ROOM,20,LOR 7 TOA PAYOH,07 TO 09,67.0,Improved,1970,43 years 07 months,370000.0,20 LOR 7 TOA PAYOH,310020,1.3349672085704,103.857205938309,2026-02-20
217857,2025-12,TOA PAYOH,3 ROOM,13,LOR 7 TOA PAYOH,07 TO 09,66.0,Improved,1970,43 years 08 months,388000.0,13 LOR 7 TOA PAYOH,310013,1.33628332874341,103.859026987388,2026-02-20
217856,2025-12,TOA PAYOH,3 ROOM,13,LOR 7 TOA PAYOH,10 TO 12,66.0,Improved,1970,43 years 08 months,373000.0,13 LOR 7 TOA PAYOH,310013,1.33628332874341,103.859026987388,2026-02-20
217855,2025-12,TOA PAYOH,3 ROOM,1,LOR 7 TOA PAYOH,01 TO 03,67.0,Improved,1969,42 years 07 months,370000.0,1 LOR 7 TOA PAYOH,310001,1.33943033543358,103.853442790992,2026-02-20
217853,2025-12,TOA PAYOH,3 ROOM,20,LOR 7 TOA PAYOH,04 TO 06,67.0,Improved,1970,43 years 08 months,330000.0,20 LOR 7 TOA PAYOH,310020,1.3349672085704,103.857205938309,2026-02-20
217736,2025-12,TOA PAYOH,3 ROOM,168,LOR 1 TOA PAYOH,07 TO 09,65.0,Improved,1972,45 years 08 months,373000.0,168 LOR 1 TOA PAYOH,310168,1.33176643070234,103.843423249665,2026-02-20
217816,2025-12,TOA PAYOH,3 ROOM,51,LOR 6 TOA PAYOH,04 TO 06,63.0,Standard,1983,56 years 07 months,360000.0,51 LOR 6 TOA PAYOH,310051,1.33778337648439,103.852507455855,2026-02-20
217815,2025-12,TOA PAYOH,3 ROOM,51,LOR 6 TOA PAYOH,10 TO 12,73.0,Standard,1983,56 years 07 months,430000.0,51 LOR 6 TOA PAYOH,310051,1.33778337648439,103.852507455855,2026-02-20
217803,2025-12,TOA PAYOH,3 ROOM,53,LOR 5 TOA PAYOH,16 TO 18,68.0,Improved,1968,41 years 07 months,420000.0,53 LOR 5 TOA PAYOH,310053,1.33780452154069,103.85079328117,2026-02-20
217802,2025-12,TOA PAYOH,3 ROOM,34,LOR 5 TOA PAYOH,01 TO 03,67.0,Improved,1970,43 years 02 months,356000.0,34 LOR 5 TOA PAYOH,310034,1.33479973301368,103.854155463,2026-02-20
217782,2025-12,TOA PAYOH,3 ROOM,85A,LOR 4 TOA PAYOH,16 TO 18,68.0,Improved,1972,45 years 02 months,426888.0,85A LOR 4 TOA PAYOH,311085,1.33628483555575,103.849405829084,2026-02-20
217781,2025-12,TOA PAYOH,3 ROOM,56,LOR 4 TOA PAYOH,01 TO 03,57.0,Standard,1967,40 years 07 months,290000.0,56 LOR 4 TOA PAYOH,310056,1.33702929645869,103.850382795362,2026-02-20
217759,2025-12,TOA PAYOH,3 ROOM,96,LOR 3 TOA PAYOH,13 TO 15,68.0,Improved,1970,43 years 02 months,385000.0,96 LOR 3 TOA PAYOH,310096,1.33862406463359,103.848379785457,2026-02-20
217741,2025-12,TOA PAYOH,3 ROOM,100,LOR 1 TOA PAYOH,07 TO 09,68.0,Improved,1970,43 years 01 month,372000.0,100 LOR 1 TOA PAYOH,310100,1.33956400517882,103.848585713817,2026-02-20
217740,2025-12,TOA PAYOH,3 ROOM,159,LOR 1 TOA PAYOH,04 TO 06,65.0,Improved,1972,45 years 01 month,368000.0,159 LOR 1 TOA PAYOH,310159,1.3307454292856,103.845601223103,2026-02-20
217739,2025-12,TOA PAYOH,3 ROOM,113,LOR 1 TOA PAYOH,01 TO 03,65.0,Improved,1967,40 years 07 months,340000.0,113 LOR 1 TOA PAYOH,310113,1.34128334016832,103.844605484696,2026-02-20
217738,2025-12,TOA PAYOH,3 ROOM,110,LOR 1 TOA PAYOH,04 TO 06,65.0,Improved,1967,40 years 07 months,418000.0,110 LOR 1 TOA PAYOH,310110,1.34155275067394,103.846385947783,2026-02-20
217737,2025-12,TOA PAYOH,3 ROOM,100,LOR 1 TOA PAYOH,13 TO 15,68.0,Improved,1970,43 years 02 months,391888.0,100 LOR 1 TOA PAYOH,310100,1.33956400517882,103.848585713817,2026-02-20
209164,2025-12,KALLANG/WHAMPOA,5 ROOM,106,TOWNER RD,07 TO 09,140.0,Model A-Maisonette,1983,56 years 07 months,1180000.0,106 TOWNER RD,322106,1.32102000991534,103.860997833137,2026-02-20
222046,2025-12,YISHUN,EXECUTIVE,359,YISHUN RING RD,01 TO 03,145.0,Apartment,1988,61 years 08 months,880000.0,359 YISHUN RING RD,760359,1.42741919415677,103.845702193715,2026-02-20
209144,2025-12,KALLANG/WHAMPOA,5 ROOM,63,KALLANG BAHRU,07 TO 09,141.0,Adjoined flat,1974,47 years 02 months,826000.0,63 KALLANG BAHRU,330063,1.32100020851204,103.868321383856,2026-02-20
204986,2025-12,GEYLANG,5 ROOM,11,PINE CL,01 TO 03,113.0,Improved,2000,73 years 06 months,950000.0,11 PINE CL,391011,1.30811264174982,103.882693800726,2026-02-20
204786,2025-12,GEYLANG,4 ROOM,17B,CIRCUIT RD,13 TO 15,93.0,Model A,2016,90 years,1000000.0,17B CIRCUIT RD,372017,1.32994002346249,103.889189084492,2026-02-20
204714,2025-12,GEYLANG,4 ROOM,99,ALJUNIED CRES,01 TO 03,92.0,New Generation,1978,51 years 02 months,548000.0,99 ALJUNIED CRES,380099,1.32138118291427,103.884306283099,2026-02-20
204703,2025-12,GEYLANG,3 ROOM,302,UBI AVE 1,01 TO 03,64.0,Simplified,2000,73 years 06 months,485000.0,302 UBI AVE 1,400302,1.33002586987709,103.900995405582,2026-02-20
204702,2025-12,GEYLANG,3 ROOM,317,UBI AVE 1,01 TO 03,64.0,Simplified,1985,59 years 01 month,475000.0,317 UBI AVE 1,400317,1.32857757757936,103.902800620956,2026-02-20
204701,2025-12,GEYLANG,3 ROOM,302,UBI AVE 1,01 TO 03,64.0,Simplified,2000,73 years 06 months,485000.0,302 UBI AVE 1,400302,1.33002586987709,103.900995405582,2026-02-20
204684,2025-12,GEYLANG,3 ROOM,41,SIMS DR,04 TO 06,66.0,Improved,1981,54 years 05 months,368000.0,41 SIMS DR,380041,1.31685532892182,103.875551269808,2026-02-20
204658,2025-12,GEYLANG,3 ROOM,3,JOO CHIAT RD,10 TO 12,74.0,Model A,1985,59 years,625888.0,3 JOO CHIAT RD,420003,1.31588523188137,103.899155404874,2026-02-20
204654,2025-12,GEYLANG,3 ROOM,97,JLN DUA,10 TO 12,56.0,Standard,1969,42 years 02 months,380000.0,97 JLN DUA,390097,1.30894624898234,103.888388917364,2026-02-20
204653,2025-12,GEYLANG,3 ROOM,93,JLN DUA,01 TO 03,62.0,Standard,1969,42 years 02 months,390000.0,93 JLN DUA,390093,1.30868190843585,103.887123739313,2026-02-20
204633,2025-12,GEYLANG,3 ROOM,125,GEYLANG EAST AVE 1,07 TO 09,74.0,Model A,1984,57 years 03 months,530000.0,125 GEYLANG EAST AVE 1,381125,1.31744387800501,103.886373732265,2026-02-20
204632,2025-12,GEYLANG,3 ROOM,125,GEYLANG EAST AVE 1,01 TO 03,75.0,Model A,1984,57 years 04 months,506888.0,125 GEYLANG EAST AVE 1,381125,1.31744387800501,103.886373732265,2026-02-20
204631,2025-12,GEYLANG,3 ROOM,124,GEYLANG EAST AVE 1,04 TO 06,74.0,Model A,1983,57 years,528000.0,124 GEYLANG EAST AVE 1,380124,1.31838863767065,103.8866756731,2026-02-20
204626,2025-12,GEYLANG,3 ROOM,18,EUNOS CRES,10 TO 12,70.0,Improved,1977,50 years 06 months,410000.0,18 EUNOS CRES,400018,1.32374151802981,103.904360289416,2026-02-20
204625,2025-12,GEYLANG,3 ROOM,18,EUNOS CRES,07 TO 09,70.0,Improved,1977,50 years 06 months,418000.0,18 EUNOS CRES,400018,1.32374151802981,103.904360289416,2026-02-20
204582,2025-12,GEYLANG,3 ROOM,49,CIRCUIT RD,04 TO 06,56.0,Standard,1969,42 years 02 months,340000.0,49 CIRCUIT RD,370049,1.32513240286821,103.885610754075,2026-02-20
204787,2025-12,GEYLANG,4 ROOM,82B,CIRCUIT RD,19 TO 21,93.0,Model A,2020,93 years 06 months,909000.0,82B CIRCUIT RD,372082,1.32372337837321,103.889401456756,2026-02-20
204788,2025-12,GEYLANG,4 ROOM,17B,CIRCUIT RD,04 TO 06,93.0,Model A,2016,90 years,960000.0,17B CIRCUIT RD,372017,1.32994002346249,103.889189084492,2026-02-20
204826,2025-12,GEYLANG,4 ROOM,127,GEYLANG EAST AVE 1,01 TO 03,107.0,Model A,1983,56 years 09 months,740000.0,127 GEYLANG EAST AVE 1,380127,1.31772915006821,103.887759947867,2026-02-20
204938,2025-12,GEYLANG,5 ROOM,125,ALJUNIED RD,16 TO 18,121.0,Improved,1983,56 years 11 months,790000.0,125 ALJUNIED RD,380125,1.32327006239711,103.881752246858,2026-02-20
204972,2025-12,GEYLANG,5 ROOM,7,HAIG RD,04 TO 06,118.0,Improved,1976,49 years 08 months,753000.0,7 HAIG RD,430007,1.31380661212249,103.896910477404,2026-02-20
204963,2025-12,GEYLANG,5 ROOM,128,GEYLANG EAST AVE 1,04 TO 06,132.0,Model A,1983,56 years 09 months,915000.0,128 GEYLANG EAST AVE 1,380128,1.31830919498771,103.887754005604,2026-02-20
204962,2025-12,GEYLANG,5 ROOM,128,GEYLANG EAST AVE 1,13 TO 15,132.0,Model A,1983,56 years 09 months,970000.0,128 GEYLANG EAST AVE 1,380128,1.31830919498771,103.887754005604,2026-02-20
204957,2025-12,GEYLANG,5 ROOM,413,EUNOS RD 5,04 TO 06,122.0,Improved,1992,65 years 09 months,868800.0,413 EUNOS RD 5,400413,1.31851757833444,103.898787544418,2026-02-20
204956,2025-12,GEYLANG,5 ROOM,413,EUNOS RD 5,04 TO 06,135.0,Model A,1992,65 years 10 months,900000.0,413 EUNOS RD 5,400413,1.31851757833444,103.898787544418,2026-02-20
204943,2025-12,GEYLANG,5 ROOM,56,CASSIA CRES,10 TO 12,120.0,Improved,1998,71 years 02 months,1320000.0,56 CASSIA CRES,391056,1.31022063491151,103.88323543756,2026-02-20
204927,2025-12,GEYLANG,4 ROOM,320,UBI AVE 1,04 TO 06,84.0,Simplified,1985,58 years 07 months,565000.0,320 UBI AVE 1,400320,1.32880527103033,103.904280456723,2026-02-20
204834,2025-12,GEYLANG,4 ROOM,2D,GEYLANG SERAI,07 TO 09,95.0,Model A,2011,85 years 01 month,938000.0,2D GEYLANG SERAI,406002,1.31757124294126,103.898647745081,2026-02-20
204926,2025-12,GEYLANG,4 ROOM,324,UBI AVE 1,10 TO 12,84.0,Simplified,1985,58 years 07 months,580000.0,324 UBI AVE 1,400324,1.32829434946575,103.904204443823,2026-02-20
204925,2025-12,GEYLANG,4 ROOM,314,UBI AVE 1,01 TO 03,84.0,Simplified,1985,58 years 10 months,540000.0,314 UBI AVE 1,400314,1.32929452580121,103.903634766965,2026-02-20
204864,2025-12,GEYLANG,4 ROOM,11,PINE CL,01 TO 03,95.0,Model A,2000,73 years 07 months,898000.0,11 PINE CL,391011,1.30811264174982,103.882693800726,2026-02-20
204856,2025-12,GEYLANG,4 ROOM,121,PAYA LEBAR WAY,07 TO 09,91.0,New Generation,1980,53 years 08 months,532000.0,121 PAYA LEBAR WAY,381121,1.32192501630432,103.882860355973,2026-02-20
204840,2025-12,GEYLANG,4 ROOM,8,HAIG RD,07 TO 09,92.0,New Generation,1976,49 years 07 months,638888.0,8 HAIG RD,430008,1.31366979476128,103.896069587743,2026-02-20
204839,2025-12,GEYLANG,4 ROOM,11,HAIG RD,01 TO 03,92.0,New Generation,1976,49 years 08 months,633000.0,11 HAIG RD,430011,1.31483626965284,103.896637295254,2026-02-20
204581,2025-12,GEYLANG,3 ROOM,48,CIRCUIT RD,01 TO 03,59.0,Standard,1969,42 years 02 months,328000.0,48 CIRCUIT RD,370048,1.32541032458901,103.88565098487,2026-02-20
204472,2025-12,GEYLANG,3 ROOM,36,CASSIA CRES,07 TO 09,59.0,Improved,1986,59 years 03 months,448888.0,36 CASSIA CRES,390036,1.30982050865202,103.885072242608,2026-02-20
204471,2025-12,GEYLANG,3 ROOM,32,CASSIA CRES,10 TO 12,68.0,New Generation,1981,54 years 08 months,553888.0,32 CASSIA CRES,390032,1.30941607107151,103.883900101162,2026-02-20
203999,2025-12,CLEMENTI,3 ROOM,608,CLEMENTI WEST ST 1,10 TO 12,67.0,New Generation,1979,53 years,420000.0,608 CLEMENTI WEST ST 1,120608,1.30434110257324,103.766529796163,2026-02-20
204125,2025-12,CLEMENTI,4 ROOM,362,CLEMENTI AVE 2,01 TO 03,90.0,New Generation,1978,51 years 02 months,570000.0,362 CLEMENTI AVE 2,120362,1.31271692776983,103.769902553813,2026-02-20
204124,2025-12,CLEMENTI,4 ROOM,349,CLEMENTI AVE 2,04 TO 06,92.0,New Generation,1978,51 years 10 months,603000.0,349 CLEMENTI AVE 2,120349,1.31595863810442,103.771054408276,2026-02-20
204112,2025-12,CLEMENTI,4 ROOM,420,CLEMENTI AVE 1,28 TO 30,100.0,Model A,2013,86 years 10 months,980000.0,420 CLEMENTI AVE 1,120420,1.31004548976462,103.769123845594,2026-02-20
204042,2025-12,CLEMENTI,3 ROOM,714,CLEMENTI WEST ST 2,01 TO 03,67.0,New Generation,1980,53 years 11 months,380000.0,714 CLEMENTI WEST ST 2,120714,1.30430341306691,103.761682084014,2026-02-20
204041,2025-12,CLEMENTI,3 ROOM,713,CLEMENTI WEST ST 2,10 TO 12,67.0,New Generation,1985,58 years 08 months,355000.0,713 CLEMENTI WEST ST 2,120713,1.3041278418713,103.762206285308,2026-02-20
204000,2025-12,CLEMENTI,3 ROOM,607,CLEMENTI WEST ST 1,10 TO 12,67.0,New Generation,1979,53 years,406000.0,607 CLEMENTI WEST ST 1,120607,1.30423592481834,103.76785339614,2026-02-20
203973,2025-12,CLEMENTI,3 ROOM,380,CLEMENTI AVE 5,01 TO 03,68.0,New Generation,1980,53 years 11 months,478000.0,380 CLEMENTI AVE 5,120380,1.31834429050422,103.767572030573,2026-02-20
204171,2025-12,CLEMENTI,4 ROOM,445A,CLEMENTI AVE 3,31 TO 33,93.0,Model A,2021,94 years 06 months,1328000.0,445A CLEMENTI AVE 3,121445,1.31275318886737,103.76415727081,2026-02-20
203972,2025-12,CLEMENTI,3 ROOM,346,CLEMENTI AVE 5,10 TO 12,67.0,New Generation,1979,52 years 04 months,420000.0,346 CLEMENTI AVE 5,120346,1.31701655142406,103.770055178868,2026-02-20
203940,2025-12,CLEMENTI,3 ROOM,376,CLEMENTI AVE 4,04 TO 06,67.0,New Generation,1980,53 years 11 months,438888.0,376 CLEMENTI AVE 4,120376,1.31810006477416,103.766692603667,2026-02-20
203939,2025-12,CLEMENTI,3 ROOM,307,CLEMENTI AVE 4,04 TO 06,67.0,New Generation,1979,53 years,418000.0,307 CLEMENTI AVE 4,120307,1.321415896635,103.76710548935,2026-02-20
203868,2025-12,CLEMENTI,3 ROOM,330,CLEMENTI AVE 2,07 TO 09,67.0,New Generation,1978,51 years 08 months,480000.0,330 CLEMENTI AVE 2,120330,1.3137447051106,103.767781824632,2026-02-20
203827,2025-12,CHOA CHU KANG,EXECUTIVE,108,TECK WHYE LANE,10 TO 12,146.0,Maisonette,1989,62 years 05 months,889000.0,108 TECK WHYE LANE,680108,1.378324137359,103.752950750544,2026-02-20
203826,2025-12,CHOA CHU KANG,EXECUTIVE,107,TECK WHYE LANE,07 TO 09,146.0,Maisonette,1989,62 years 03 months,850000.0,107 TECK WHYE LANE,680107,1.37805538148223,103.753588247554,2026-02-20
204170,2025-12,CLEMENTI,4 ROOM,445A,CLEMENTI AVE 3,13 TO 15,93.0,Model A,2021,94 years 07 months,1118000.0,445A CLEMENTI AVE 3,121445,1.31275318886737,103.76415727081,2026-02-20
204213,2025-12,CLEMENTI,4 ROOM,311B,CLEMENTI AVE 4,31 TO 33,82.0,DBSS,2014,88 years 01 month,1005000.0,311B CLEMENTI AVE 4,122311,1.31944669077178,103.765649446368,2026-02-20
204399,2025-12,GEYLANG,2 ROOM,39,CIRCUIT RD,04 TO 06,47.0,Standard,1971,44 years 01 month,285000.0,39 CIRCUIT RD,370039,1.32742994958168,103.885681564016,2026-02-20
204328,2025-12,CLEMENTI,5 ROOM,459,CLEMENTI AVE 3,22 TO 24,110.0,Improved,2002,76 years 01 month,1120000.0,459 CLEMENTI AVE 3,120459,1.31138941636299,103.767093175978,2026-02-20
204398,2025-12,GEYLANG,2 ROOM,52,CIRCUIT RD,07 TO 09,45.0,Standard,1969,42 years 02 months,280000.0,52 CIRCUIT RD,370052,1.32420851411719,103.885466916786,2026-02-20
204379,2025-12,CLEMENTI,EXECUTIVE,116,CLEMENTI ST 13,04 TO 06,146.0,Maisonette,1984,57 years 08 months,1070000.0,116 CLEMENTI ST 13,120116,1.32411253933745,103.771925036203,2026-02-20
204366,2025-12,CLEMENTI,5 ROOM,613,CLEMENTI WEST ST 1,07 TO 09,133.0,Model A,1984,57 years 06 months,826000.0,613 CLEMENTI WEST ST 1,120613,1.30373748080136,103.767838195196,2026-02-20
204349,2025-12,CLEMENTI,5 ROOM,372,CLEMENTI AVE 4,07 TO 09,121.0,Improved,1987,60 years 04 months,950000.0,372 CLEMENTI AVE 4,120372,1.31978885138438,103.767787535116,2026-02-20
204348,2025-12,CLEMENTI,5 ROOM,312A,CLEMENTI AVE 4,16 TO 18,113.0,Improved,2017,90 years 09 months,1285000.0,312A CLEMENTI AVE 4,121312,1.31908894426179,103.764441220265,2026-02-20
204329,2025-12,CLEMENTI,5 ROOM,461,CLEMENTI AVE 3,01 TO 03,110.0,Improved,2006,80 years,888888.88,461 CLEMENTI AVE 3,120461,1.31109915509699,103.766399536327,2026-02-20
204299,2025-12,CLEMENTI,5 ROOM,416,CLEMENTI AVE 1,16 TO 18,113.0,Improved,2013,86 years 10 months,1018888.0,416 CLEMENTI AVE 1,120416,1.31033592235344,103.771355673383,2026-02-20
204214,2025-12,CLEMENTI,4 ROOM,311B,CLEMENTI AVE 4,19 TO 21,80.0,DBSS,2014,88 years 01 month,1012888.0,311B CLEMENTI AVE 4,122311,1.31944669077178,103.765649446368,2026-02-20
204269,2025-12,CLEMENTI,4 ROOM,715,CLEMENTI WEST ST 2,04 TO 06,91.0,New Generation,1981,54 years 10 months,506888.0,715 CLEMENTI WEST ST 2,120715,1.30315360303876,103.761943675943,2026-02-20
204268,2025-12,CLEMENTI,4 ROOM,711,CLEMENTI WEST ST 2,10 TO 12,92.0,New Generation,1980,54 years,516800.0,711 CLEMENTI WEST ST 2,120711,1.30484423498146,103.76110706384,2026-02-20
204247,2025-12,CLEMENTI,4 ROOM,610,CLEMENTI WEST ST 1,04 TO 06,103.0,Model A,1983,56 years 09 months,530000.0,610 CLEMENTI WEST ST 1,120610,1.30454704525517,103.768773617907,2026-02-20
204246,2025-12,CLEMENTI,4 ROOM,609,CLEMENTI WEST ST 1,13 TO 15,92.0,New Generation,1979,53 years,585000.0,609 CLEMENTI WEST ST 1,120609,1.30409242562108,103.765522148085,2026-02-20
204239,2025-12,CLEMENTI,4 ROOM,208B,CLEMENTI AVE 6,01 TO 03,93.0,Model A,2017,90 years 11 months,790000.0,208B CLEMENTI AVE 6,122208,1.32262137935118,103.762449443017,2026-02-20
204227,2025-12,CLEMENTI,4 ROOM,347,CLEMENTI AVE 5,04 TO 06,92.0,New Generation,1979,52 years 01 month,540000.0,347 CLEMENTI AVE 5,120347,1.31717947419106,103.770788849239,2026-02-20
204985,2025-12,GEYLANG,5 ROOM,7,PINE CL,19 TO 21,110.0,Improved,2000,73 years 06 months,1375000.0,7 PINE CL,391007,1.30767573187081,103.882412035537,2026-02-20
204987,2025-12,GEYLANG,5 ROOM,56,PIPIT RD,13 TO 15,122.0,Improved,1997,71 years 01 month,965000.0,56 PIPIT RD,370056,1.32409811431971,103.888499174248,2026-02-20
203790,2025-12,CHOA CHU KANG,EXECUTIVE,764,CHOA CHU KANG NTH 5,07 TO 09,144.0,Apartment,1996,69 years 08 months,835000.0,764 CHOA CHU KANG NTH 5,680764,1.39318129660748,103.74913495353,2026-02-20
204993,2025-12,GEYLANG,5 ROOM,40,SIMS DR,07 TO 09,120.0,Improved,1990,63 years 06 months,765000.0,40 SIMS DR,380040,1.31747603013691,103.876354059117,2026-02-20
205860,2025-12,HOUGANG,4 ROOM,549,HOUGANG ST 51,01 TO 03,103.0,Model A,1992,65 years 10 months,610000.0,549 HOUGANG ST 51,530549,1.37814103956038,103.891257788208,2026-02-20
205836,2025-12,HOUGANG,4 ROOM,376C,HOUGANG ST 32,10 TO 12,92.0,Model A,2016,89 years 03 months,730000.0,376C HOUGANG ST 32,533376,1.36406322514465,103.893679750644,2026-02-20
205835,2025-12,HOUGANG,4 ROOM,376C,HOUGANG ST 32,16 TO 18,92.0,Model A,2016,89 years 04 months,750000.0,376C HOUGANG ST 32,533376,1.36406322514465,103.893679750644,2026-02-20
205829,2025-12,HOUGANG,4 ROOM,373,HOUGANG ST 31,10 TO 12,100.0,Model A,2000,73 years 02 months,707000.0,373 HOUGANG ST 31,530373,1.36268196108362,103.890391265295,2026-02-20
205822,2025-12,HOUGANG,4 ROOM,158,HOUGANG ST 11,01 TO 03,103.0,Model A,1997,71 years 01 month,700000.0,158 HOUGANG ST 11,530158,1.35164022372477,103.880486217946,2026-02-20
205790,2025-12,HOUGANG,4 ROOM,614,HOUGANG AVE 8,04 TO 06,84.0,Simplified,1986,59 years 02 months,530000.0,614 HOUGANG AVE 8,530614,1.36914010573801,103.8846969292,2026-02-20
205789,2025-12,HOUGANG,4 ROOM,636,HOUGANG AVE 8,07 TO 09,105.0,Model A,1987,61 years 01 month,675000.0,636 HOUGANG AVE 8,530636,1.37061271157512,103.879209065676,2026-02-20
205706,2025-12,HOUGANG,4 ROOM,526,HOUGANG AVE 6,04 TO 06,84.0,Simplified,1988,61 years 04 months,573888.0,526 HOUGANG AVE 6,530526,1.37440740122225,103.89056383733,2026-02-20
205705,2025-12,HOUGANG,4 ROOM,424,HOUGANG AVE 6,07 TO 09,103.0,Model A,1989,63 years 01 month,704000.0,424 HOUGANG AVE 6,530424,1.37376370041835,103.893618945204,2026-02-20
205704,2025-12,HOUGANG,4 ROOM,532,HOUGANG AVE 6,10 TO 12,84.0,Simplified,1987,61 years,576888.0,532 HOUGANG AVE 6,530532,1.37606836468819,103.891125310985,2026-02-20
205689,2025-12,HOUGANG,4 ROOM,321,HOUGANG AVE 5,10 TO 12,93.0,New Generation,1983,56 years 03 months,538000.0,321 HOUGANG AVE 5,530321,1.36710131174973,103.898278016767,2026-02-20
205688,2025-12,HOUGANG,4 ROOM,315,HOUGANG AVE 5,01 TO 03,92.0,New Generation,1993,66 years 05 months,555000.0,315 HOUGANG AVE 5,530315,1.36487118219384,103.894979026095,2026-02-20
205671,2025-12,HOUGANG,4 ROOM,661,HOUGANG AVE 4,07 TO 09,107.0,Model A,1987,60 years 05 months,602888.0,661 HOUGANG AVE 4,530661,1.37402568701988,103.882804051972,2026-02-20
205651,2025-12,HOUGANG,4 ROOM,15,HOUGANG AVE 3,13 TO 15,82.0,Improved,1975,49 years 01 month,468000.0,15 HOUGANG AVE 3,530015,1.3626577042511,103.891921506467,2026-02-20
205631,2025-12,HOUGANG,4 ROOM,708,HOUGANG AVE 2,07 TO 09,93.0,New Generation,1985,58 years 09 months,595000.0,708 HOUGANG AVE 2,530708,1.36669418462152,103.88909314947,2026-02-20
205861,2025-12,HOUGANG,4 ROOM,547,HOUGANG ST 51,04 TO 06,106.0,Model A,1992,65 years 10 months,635000.0,547 HOUGANG ST 51,530547,1.37936125002,103.892035568366,2026-02-20
205870,2025-12,HOUGANG,4 ROOM,699C,HOUGANG ST 52,01 TO 03,100.0,Model A,1998,72 years,590000.0,699C HOUGANG ST 52,533699,1.37644094969567,103.888527313943,2026-02-20
205899,2025-12,HOUGANG,4 ROOM,930,HOUGANG ST 91,04 TO 06,101.0,Model A,1998,71 years 08 months,610000.0,930 HOUGANG ST 91,530930,1.37548347566834,103.881278238761,2026-02-20
206003,2025-12,HOUGANG,4 ROOM,476B,UPP SERANGOON VIEW,16 TO 18,92.0,Premium Apartment,2016,89 years 04 months,760000.0,476B UPP SERANGOON VIEW,532476,1.37732845210704,103.904212191193,2026-02-20
206033,2025-12,HOUGANG,5 ROOM,997B,BUANGKOK CRES,04 TO 06,113.0,Improved,2018,92 years,775000.0,997B BUANGKOK CRES,532997,1.38590156781199,103.8813870478,2026-02-20
206032,2025-12,HOUGANG,5 ROOM,997C,BUANGKOK CRES,13 TO 15,120.0,3Gen,2018,92 years,790000.0,997C BUANGKOK CRES,534997,1.38553018206225,103.881587879925,2026-02-20
206031,2025-12,HOUGANG,5 ROOM,997B,BUANGKOK CRES,10 TO 12,113.0,Improved,2018,92 years,811888.0,997B BUANGKOK CRES,532997,1.38590156781199,103.8813870478,2026-02-20
206006,2025-12,HOUGANG,4 ROOM,477A,UPP SERANGOON VIEW,10 TO 12,92.0,Premium Apartment,2016,89 years 03 months,685000.0,477A UPP SERANGOON VIEW,531477,1.37830875820742,103.903841957906,2026-02-20
206005,2025-12,HOUGANG,4 ROOM,477A,UPP SERANGOON VIEW,10 TO 12,95.0,Premium Apartment,2016,89 years 04 months,828888.0,477A UPP SERANGOON VIEW,531477,1.37830875820742,103.903841957906,2026-02-20
206004,2025-12,HOUGANG,4 ROOM,477C,UPP SERANGOON VIEW,16 TO 18,92.0,Premium Apartment,2016,89 years 04 months,800000.0,477C UPP SERANGOON VIEW,533477,1.37932250991171,103.904191032446,2026-02-20
205988,2025-12,HOUGANG,4 ROOM,365A,UPP SERANGOON RD,07 TO 09,93.0,Model A,2018,91 years 03 months,790000.0,365A UPP SERANGOON RD,531365,1.36971560040268,103.897624425125,2026-02-20
205900,2025-12,HOUGANG,4 ROOM,926,HOUGANG ST 91,04 TO 06,101.0,Model A,1998,71 years 08 months,555000.0,926 HOUGANG ST 91,530926,1.37610015874638,103.880942241584,2026-02-20
205932,2025-12,HOUGANG,4 ROOM,139,LOR AH SOO,10 TO 12,108.0,Model A,1984,57 years 11 months,580000.0,139 LOR AH SOO,530139,1.3522311107755,103.884240123623,2026-02-20
205931,2025-12,HOUGANG,4 ROOM,138,LOR AH SOO,01 TO 03,103.0,Model A,1984,57 years 11 months,635000.0,138 LOR AH SOO,530138,1.35162442643015,103.884447871485,2026-02-20
205915,2025-12,HOUGANG,4 ROOM,942,HOUGANG ST 92,04 TO 06,100.0,Model A,1998,71 years 10 months,560000.0,942 HOUGANG ST 92,530942,1.37328587053884,103.880413624286,2026-02-20
205914,2025-12,HOUGANG,4 ROOM,946,HOUGANG ST 92,04 TO 06,100.0,Model A,1998,71 years 10 months,576000.0,946 HOUGANG ST 92,530946,1.37465061321188,103.881222880283,2026-02-20
205902,2025-12,HOUGANG,4 ROOM,911,HOUGANG ST 91,10 TO 12,92.0,Model A2,1998,71 years 02 months,550000.0,911 HOUGANG ST 91,530911,1.37893748878497,103.883857081014,2026-02-20
205901,2025-12,HOUGANG,4 ROOM,969,HOUGANG ST 91,10 TO 12,90.0,Model A2,1999,73 years 01 month,568000.0,969 HOUGANG ST 91,530969,1.37875948902978,103.879496357849,2026-02-20
205617,2025-12,HOUGANG,4 ROOM,458,HOUGANG AVE 10,04 TO 06,104.0,Model A,1992,65 years 10 months,680000.0,458 HOUGANG AVE 10,530458,1.37776288093998,103.896274487048,2026-02-20
205587,2025-12,HOUGANG,4 ROOM,113,HOUGANG AVE 1,13 TO 15,95.0,New Generation,1982,55 years 02 months,600000.0,113 HOUGANG AVE 1,530113,1.35356905255693,103.888705665044,2026-02-20
205586,2025-12,HOUGANG,4 ROOM,173,HOUGANG AVE 1,04 TO 06,100.0,Model A,1997,71 years 01 month,560000.0,173 HOUGANG AVE 1,530173,1.3501246547491,103.888838230371,2026-02-20
205164,2025-12,HOUGANG,3 ROOM,114,HOUGANG AVE 1,07 TO 09,66.0,New Generation,1982,55 years 03 months,428000.0,114 HOUGANG AVE 1,530114,1.35290845840879,103.888972338303,2026-02-20
205276,2025-12,HOUGANG,3 ROOM,309,HOUGANG AVE 5,10 TO 12,82.0,New Generation,1982,55 years 11 months,495000.0,309 HOUGANG AVE 5,530309,1.36620554681345,103.895152424666,2026-02-20
205239,2025-12,HOUGANG,3 ROOM,662,HOUGANG AVE 4,04 TO 06,74.0,Model A,1987,60 years 09 months,490000.0,662 HOUGANG AVE 4,530662,1.37437689393173,103.882874917484,2026-02-20
205232,2025-12,HOUGANG,3 ROOM,1,HOUGANG AVE 3,01 TO 03,59.0,Improved,1975,48 years 08 months,350000.0,1 HOUGANG AVE 3,530001,1.36413097349222,103.89300132385,2026-02-20
205231,2025-12,HOUGANG,3 ROOM,23,HOUGANG AVE 3,01 TO 03,73.0,New Generation,1978,51 years 06 months,418000.0,23 HOUGANG AVE 3,530023,1.36486666416769,103.890727960772,2026-02-20
205166,2025-12,HOUGANG,3 ROOM,115,HOUGANG AVE 1,04 TO 06,82.0,New Generation,1981,54 years 09 months,470000.0,115 HOUGANG AVE 1,530115,1.35276525799641,103.887876084862,2026-02-20
205165,2025-12,HOUGANG,3 ROOM,122,HOUGANG AVE 1,01 TO 03,67.0,New Generation,1983,56 years 10 months,468888.0,122 HOUGANG AVE 1,530122,1.35374408051544,103.886159336002,2026-02-20
205118,2025-12,HOUGANG,3 ROOM,994A,BUANGKOK LINK,13 TO 15,69.0,Model A,2021,94 years 01 month,525000.0,994A BUANGKOK LINK,531994,1.38562199941938,103.883768015852,2026-02-20
205283,2025-12,HOUGANG,3 ROOM,528,HOUGANG AVE 6,10 TO 12,74.0,Model A,1987,61 years,496000.0,528 HOUGANG AVE 6,530528,1.37511919152466,103.890726071611,2026-02-20
205117,2025-12,HOUGANG,3 ROOM,994A,BUANGKOK LINK,10 TO 12,69.0,Model A,2021,94 years 02 months,540000.0,994A BUANGKOK LINK,531994,1.38562199941938,103.883768015852,2026-02-20
205095,2025-12,HOUGANG,3 ROOM,995C,BUANGKOK CRES,07 TO 09,68.0,Model A,2019,92 years 10 months,530000.0,995C BUANGKOK CRES,536995,1.38618515792277,103.882968610678,2026-02-20
205083,2025-12,HOUGANG,2 ROOM,993B,BUANGKOK LINK,16 TO 18,47.0,2-room,2021,94 years 02 months,402000.0,993B BUANGKOK LINK,532993,1.38507802286744,103.882690382052,2026-02-20
205082,2025-12,HOUGANG,2 ROOM,994A,BUANGKOK LINK,10 TO 12,47.0,2-room,2021,94 years 02 months,410000.0,994A BUANGKOK LINK,531994,1.38562199941938,103.883768015852,2026-02-20
205037,2025-12,HOUGANG,2 ROOM,995A,BUANGKOK CRES,13 TO 15,47.0,2-room,2019,92 years 10 months,380000.0,995A BUANGKOK CRES,531995,1.38653819652798,103.882403903763,2026-02-20
205036,2025-12,HOUGANG,2 ROOM,998B,BUANGKOK CRES,16 TO 18,47.0,Model A,2019,93 years,410000.0,998B BUANGKOK CRES,532998,1.38410075238235,103.88050459967,2026-02-20
205277,2025-12,HOUGANG,3 ROOM,327,HOUGANG AVE 5,07 TO 09,67.0,New Generation,1983,56 years 04 months,438000.0,327 HOUGANG AVE 5,530327,1.36830683201861,103.895987624672,2026-02-20
205284,2025-12,HOUGANG,3 ROOM,520,HOUGANG AVE 6,01 TO 03,64.0,Simplified,1987,60 years 04 months,488000.0,520 HOUGANG AVE 6,530520,1.37310428005073,103.890062017994,2026-02-20
205561,2025-12,HOUGANG,4 ROOM,991A,BUANGKOK LINK,07 TO 09,93.0,Model A,2019,92 years 07 months,635000.0,991A BUANGKOK LINK,531991,1.38430780704299,103.882225801104,2026-02-20
205469,2025-12,HOUGANG,4 ROOM,999B,BUANGKOK CRES,01 TO 03,93.0,Model A,2019,93 years 01 month,612000.0,999B BUANGKOK CRES,532999,1.38453689339832,103.880588848601,2026-02-20
205560,2025-12,HOUGANG,4 ROOM,992B,BUANGKOK LINK,01 TO 03,93.0,Model A,2019,92 years 07 months,625000.0,992B BUANGKOK LINK,532992,1.3838267304931,103.881672473881,2026-02-20
205559,2025-12,HOUGANG,4 ROOM,993A,BUANGKOK LINK,04 TO 06,93.0,Model A,2021,94 years 02 months,648000.0,993A BUANGKOK LINK,531993,1.38483884242613,103.883129110308,2026-02-20
205490,2025-12,HOUGANG,4 ROOM,987A,BUANGKOK GREEN,10 TO 12,93.0,Model A,2015,88 years 03 months,650000.0,987A BUANGKOK GREEN,531987,1.37988778365709,103.878384864309,2026-02-20
205489,2025-12,HOUGANG,4 ROOM,988A,BUANGKOK GREEN,04 TO 06,93.0,Model A,2015,88 years 03 months,660000.0,988A BUANGKOK GREEN,531988,1.37946759731567,103.877266477065,2026-02-20
205488,2025-12,HOUGANG,4 ROOM,988C,BUANGKOK GREEN,13 TO 15,93.0,Model A,2015,88 years 03 months,660000.0,988C BUANGKOK GREEN,533988,1.38029686296144,103.877266407149,2026-02-20
205470,2025-12,HOUGANG,4 ROOM,996A,BUANGKOK CRES,04 TO 06,93.0,Model A,2019,92 years 10 months,648000.0,996A BUANGKOK CRES,531996,1.38646844449981,103.881610480948,2026-02-20
205468,2025-12,HOUGANG,4 ROOM,981A,BUANGKOK CRES,04 TO 06,90.0,Model A,2003,76 years 06 months,578888.0,981A BUANGKOK CRES,531981,1.38048661721772,103.880709706168,2026-02-20
205347,2025-12,HOUGANG,3 ROOM,684,HOUGANG AVE 8,01 TO 03,64.0,Simplified,1989,62 years 07 months,438000.0,684 HOUGANG AVE 8,530684,1.3739584050047,103.886898456705,2026-02-20
205467,2025-12,HOUGANG,4 ROOM,996B,BUANGKOK CRES,04 TO 06,93.0,Model A,2019,92 years 10 months,642000.0,996B BUANGKOK CRES,532996,1.38611330718324,103.882052260458,2026-02-20
205409,2025-12,HOUGANG,3 ROOM,476A,UPP SERANGOON VIEW,16 TO 18,67.0,Premium Apartment,2016,89 years 04 months,610888.0,476A UPP SERANGOON VIEW,531476,1.37676038157719,103.904050364711,2026-02-20
205401,2025-12,HOUGANG,3 ROOM,365C,UPP SERANGOON RD,07 TO 09,67.0,Model A,2018,91 years 04 months,615000.0,365C UPP SERANGOON RD,533365,1.36928451336933,103.89713459868,2026-02-20
205381,2025-12,HOUGANG,3 ROOM,687,HOUGANG ST 61,01 TO 03,64.0,Simplified,1986,60 years 01 month,438000.0,687 HOUGANG ST 61,530687,1.3762254502561,103.885072860925,2026-02-20
205366,2025-12,HOUGANG,3 ROOM,241,HOUGANG ST 22,07 TO 09,74.0,Model A,1985,58 years 04 months,502000.0,241 HOUGANG ST 22,530241,1.35650868784233,103.891840640482,2026-02-20
205348,2025-12,HOUGANG,3 ROOM,642,HOUGANG AVE 8,07 TO 09,60.0,Improved,1987,61 years 01 month,405000.0,642 HOUGANG AVE 8,530642,1.37169878879803,103.879948293051,2026-02-20
203814,2025-12,CHOA CHU KANG,EXECUTIVE,163,JLN TECK WHYE,13 TO 15,141.0,Apartment,1998,71 years 05 months,860000.0,163 JLN TECK WHYE,680163,1.3809102767137,103.756925824414,2026-02-20
203789,2025-12,CHOA CHU KANG,EXECUTIVE,759,CHOA CHU KANG NTH 5,04 TO 06,152.0,Maisonette,1995,68 years 09 months,900000.0,759 CHOA CHU KANG NTH 5,680759,1.3932185910197,103.74674083544,2026-02-20
206051,2025-12,HOUGANG,5 ROOM,103,HOUGANG AVE 1,01 TO 03,135.0,Model A,1983,57 years 03 months,680000.0,103 HOUGANG AVE 1,530103,1.35528223434405,103.89036014824,2026-02-20
202548,2025-12,BUKIT PANJANG,EXECUTIVE,181,JELEBU RD,22 TO 24,127.0,Premium Apartment,2003,76 years 06 months,1180000.0,181 JELEBU RD,670181,1.37925788735519,103.762997101416,2026-02-20
202199,2025-12,BUKIT PANJANG,4 ROOM,461,SEGAR RD,04 TO 06,93.0,Premium Apartment,2015,88 years 10 months,620000.0,461 SEGAR RD,670461,1.3869743448416,103.771280059955,2026-02-20
202198,2025-12,BUKIT PANJANG,4 ROOM,486,SEGAR RD,07 TO 09,93.0,Model A,2014,88 years 01 month,605000.0,486 SEGAR RD,670486,1.38924060817621,103.77162077126,2026-02-20
202104,2025-12,BUKIT PANJANG,4 ROOM,168,PETIR RD,13 TO 15,102.0,Model A,1998,71 years 09 months,793888.0,168 PETIR RD,670168,1.37758285592609,103.764402344565,2026-02-20
202063,2025-12,BUKIT PANJANG,4 ROOM,174,LOMPANG RD,13 TO 15,101.0,Model A,1997,70 years 08 months,730000.0,174 LOMPANG RD,670174,1.38021544120199,103.766302173684,2026-02-20
202040,2025-12,BUKIT PANJANG,4 ROOM,502,JELAPANG RD,16 TO 18,103.0,Model A,1998,71 years 03 months,550000.0,502 JELAPANG RD,670502,1.38371721293326,103.766750828138,2026-02-20
202039,2025-12,BUKIT PANJANG,4 ROOM,509,JELAPANG RD,10 TO 12,92.0,Model A2,1998,71 years 06 months,555000.0,509 JELAPANG RD,670509,1.38662703901062,103.76902161764,2026-02-20
202003,2025-12,BUKIT PANJANG,4 ROOM,170,GANGSA RD,10 TO 12,101.0,Model A,1997,71 years 01 month,740000.0,170 GANGSA RD,670170,1.37856275551968,103.766097785672,2026-02-20
202002,2025-12,BUKIT PANJANG,4 ROOM,102,GANGSA RD,04 TO 06,103.0,Model A,1988,61 years 02 months,560000.0,102 GANGSA RD,670102,1.37910762831305,103.768153816778,2026-02-20
201982,2025-12,BUKIT PANJANG,4 ROOM,420,FAJAR RD,07 TO 09,104.0,Model A,1989,62 years 07 months,570000.0,420 FAJAR RD,670420,1.3846500073791,103.76951726565,2026-02-20
201981,2025-12,BUKIT PANJANG,4 ROOM,443C,FAJAR RD,01 TO 03,93.0,Model A,2016,90 years 01 month,610000.0,443C FAJAR RD,673443,1.38057053056182,103.76973269177,2026-02-20
201963,2025-12,BUKIT PANJANG,4 ROOM,237,BT PANJANG RING RD,13 TO 15,104.0,Model A,1988,61 years 11 months,560000.0,237 BT PANJANG RING RD,670237,1.37856756097104,103.770647361863,2026-02-20
201962,2025-12,BUKIT PANJANG,4 ROOM,615,BT PANJANG RING RD,10 TO 12,90.0,Model A,2002,75 years 06 months,550000.0,615 BT PANJANG RING RD,670615,1.38514726798653,103.762438315763,2026-02-20
201921,2025-12,BUKIT PANJANG,4 ROOM,275,BANGKIT RD,01 TO 03,104.0,Model A,1988,61 years 02 months,510000.0,275 BANGKIT RD,670275,1.37683552128544,103.774825848656,2026-02-20
201920,2025-12,BUKIT PANJANG,4 ROOM,257,BANGKIT RD,13 TO 15,106.0,Model A,1989,62 years 08 months,546888.0,257 BANGKIT RD,670257,1.37850873559017,103.773212348159,2026-02-20
201893,2025-12,BUKIT PANJANG,3 ROOM,485,SEGAR RD,07 TO 09,67.0,Model A,2014,88 years 01 month,488000.0,485 SEGAR RD,670485,1.38868132378093,103.771312569429,2026-02-20
202281,2025-12,BUKIT PANJANG,4 ROOM,635B,SENJA RD,25 TO 27,93.0,Model A,2015,88 years 11 months,661000.0,635B SENJA RD,672635,1.38660275237577,103.757710467868,2026-02-20
202282,2025-12,BUKIT PANJANG,4 ROOM,636B,SENJA RD,19 TO 21,92.0,Model A,2015,89 years,650000.0,636B SENJA RD,672636,1.38762470759976,103.758331445094,2026-02-20
202318,2025-12,BUKIT PANJANG,5 ROOM,533,BT PANJANG RING RD,07 TO 09,122.0,Improved,1999,72 years 06 months,775000.0,533 BT PANJANG RING RD,670533,1.38495570760378,103.763765206752,2026-02-20
202449,2025-12,BUKIT PANJANG,5 ROOM,550B,SEGAR RD,16 TO 18,113.0,Improved,2015,89 years 01 month,765000.0,550B SEGAR RD,672550,1.38959118621,103.76744702208,2026-02-20
202513,2025-12,BUKIT PANJANG,EXECUTIVE,135,CASHEW RD,01 TO 03,150.0,Maisonette,1988,61 years 06 months,835000.0,135 CASHEW RD,670135,1.37404915665664,103.768885136299,2026-02-20
202512,2025-12,BUKIT PANJANG,EXECUTIVE,130,CASHEW RD,13 TO 15,145.0,Apartment,1988,62 years,980000.0,130 CASHEW RD,670130,1.37401129101616,103.771281823916,2026-02-20
202499,2025-12,BUKIT PANJANG,EXECUTIVE,248,BANGKIT RD,01 TO 03,145.0,Maisonette,1988,61 years 10 months,875000.0,248 BANGKIT RD,670248,1.38137164749459,103.774298960743,2026-02-20
202493,2025-12,BUKIT PANJANG,5 ROOM,656,SENJA RD,13 TO 15,110.0,Premium Apartment,2001,74 years 10 months,695000.0,656 SENJA RD,670656,1.38761134448697,103.764588708773,2026-02-20
202492,2025-12,BUKIT PANJANG,5 ROOM,635A,SENJA RD,28 TO 30,112.0,Improved,2015,88 years 11 months,868000.0,635A SENJA RD,671635,1.38656225824527,103.757208072494,2026-02-20
202450,2025-12,BUKIT PANJANG,5 ROOM,468,SEGAR RD,13 TO 15,110.0,Premium Apartment,2002,75 years 08 months,595000.0,468 SEGAR RD,670468,1.38748261821031,103.77346717088,2026-02-20
202407,2025-12,BUKIT PANJANG,5 ROOM,409,SAUJANA RD,10 TO 12,122.0,Improved,1989,62 years 03 months,688000.0,409 SAUJANA RD,670409,1.38233492640361,103.767677663417,2026-02-20
202319,2025-12,BUKIT PANJANG,5 ROOM,234,BT PANJANG RING RD,07 TO 09,122.0,Improved,1988,61 years 09 months,605000.0,234 BT PANJANG RING RD,670234,1.37853337682238,103.771789071508,2026-02-20
202398,2025-12,BUKIT PANJANG,5 ROOM,175,LOMPANG RD,16 TO 18,121.0,Improved,1997,71 years,915888.0,175 LOMPANG RD,670175,1.37979604054277,103.765989537263,2026-02-20
202397,2025-12,BUKIT PANJANG,5 ROOM,177,LOMPANG RD,19 TO 21,110.0,Improved,2001,75 years 01 month,825000.0,177 LOMPANG RD,670177,1.38038712496611,103.76535460069,2026-02-20
202387,2025-12,BUKIT PANJANG,5 ROOM,184,JELEBU RD,16 TO 18,112.0,Premium Apartment,2003,76 years 05 months,945000.0,184 JELEBU RD,670184,1.37971095812868,103.762440084954,2026-02-20
202378,2025-12,BUKIT PANJANG,5 ROOM,506,JELAPANG RD,13 TO 15,120.0,Improved,1998,71 years 04 months,685000.0,506 JELAPANG RD,670506,1.3870334545891,103.768120654409,2026-02-20
202377,2025-12,BUKIT PANJANG,5 ROOM,520,JELAPANG RD,19 TO 21,121.0,Improved,1998,71 years 08 months,718000.0,520 JELAPANG RD,670520,1.38646757937131,103.7665076307,2026-02-20
202340,2025-12,BUKIT PANJANG,5 ROOM,436,FAJAR RD,01 TO 03,121.0,Improved,1989,63 years 02 months,625000.0,436 FAJAR RD,670436,1.38225913645163,103.770268856173,2026-02-20
201861,2025-12,BUKIT PANJANG,3 ROOM,219,PETIR RD,04 TO 06,73.0,Model A,1988,61 years 04 months,455000.0,219 PETIR RD,670219,1.37416504802935,103.772712312801,2026-02-20
201848,2025-12,BUKIT PANJANG,3 ROOM,125,PENDING RD,07 TO 09,73.0,Model A,1987,60 years 10 months,440000.0,125 PENDING RD,670125,1.37720623303834,103.770506986516,2026-02-20
201824,2025-12,BUKIT PANJANG,3 ROOM,106,GANGSA RD,07 TO 09,73.0,Model A,1988,61 years 03 months,465000.0,106 GANGSA RD,670106,1.3779019997366,103.767412279054,2026-02-20
201219,2025-12,BUKIT MERAH,3 ROOM,92B,TELOK BLANGAH ST 31,22 TO 24,68.0,Model A,2018,92 years,751888.0,92B TELOK BLANGAH ST 31,102092,1.27587916988466,103.80732980539,2026-02-20
201478,2025-12,BUKIT MERAH,4 ROOM,125,KIM TIAN RD,07 TO 09,107.0,Model A,1995,68 years 09 months,923000.0,125 KIM TIAN RD,160125,1.28363467623261,103.828128050891,2026-02-20
201445,2025-12,BUKIT MERAH,4 ROOM,121,KIM TIAN PL,22 TO 24,100.0,Model A,2001,74 years 03 months,1008000.0,121 KIM TIAN PL,160121,1.28270270194687,103.828491163221,2026-02-20
201426,2025-12,BUKIT MERAH,4 ROOM,118A,JLN MEMBINA,13 TO 15,90.0,Model A,2003,76 years 02 months,920000.0,118A JLN MEMBINA,161118,1.28142028197972,103.825645216312,2026-02-20
201332,2025-12,BUKIT MERAH,4 ROOM,112B,DEPOT RD,04 TO 06,104.0,Model A,2006,79 years 03 months,810888.0,112B DEPOT RD,102112,1.28156873918268,103.80773165728,2026-02-20
201300,2025-12,BUKIT MERAH,4 ROOM,19,CANTONMENT CL,16 TO 18,90.0,Model A,2002,76 years,1080000.0,19 CANTONMENT CL,80019,1.2738835418848,103.839003328569,2026-02-20
201276,2025-12,BUKIT MERAH,4 ROOM,111,BT PURMEI RD,07 TO 09,104.0,Model A,1984,57 years 11 months,695000.0,111 BT PURMEI RD,90111,1.27439718126241,103.827239610439,2026-02-20
201192,2025-12,BUKIT MERAH,3 ROOM,42,TELOK BLANGAH RISE,10 TO 12,59.0,Improved,1976,49 years 05 months,390000.0,42 TELOK BLANGAH RISE,90042,1.2709187086214,103.822685388438,2026-02-20
201518,2025-12,BUKIT MERAH,4 ROOM,17,TELOK BLANGAH CRES,13 TO 15,100.0,Model A,2002,75 years 02 months,808000.0,17 TELOK BLANGAH CRES,90017,1.27776786253278,103.821702419401,2026-02-20
201174,2025-12,BUKIT MERAH,3 ROOM,61,TELOK BLANGAH HTS,07 TO 09,67.0,New Generation,1976,49 years 10 months,418000.0,61 TELOK BLANGAH HTS,100061,1.27570500784019,103.812007084346,2026-02-20
201164,2025-12,BUKIT MERAH,3 ROOM,64,TELOK BLANGAH DR,04 TO 06,82.0,New Generation,1978,51 years 08 months,518000.0,64 TELOK BLANGAH DR,100064,1.27450639323765,103.810535503194,2026-02-20
201134,2025-12,BUKIT MERAH,3 ROOM,16,TELOK BLANGAH CRES,01 TO 03,76.0,Improved,1975,48 years 05 months,368000.0,16 TELOK BLANGAH CRES,90016,1.27805365232333,103.821504615515,2026-02-20
201097,2025-12,BUKIT MERAH,3 ROOM,14,TAMAN HO SWEE,01 TO 03,54.0,Standard,1970,43 years 02 months,350000.0,14 TAMAN HO SWEE,161014,1.28790461781044,103.83219770269,2026-02-20
201093,2025-12,BUKIT MERAH,3 ROOM,148,SILAT AVE,04 TO 06,67.0,New Generation,1982,55 years 11 months,440000.0,148 SILAT AVE,160148,1.27688315064164,103.830883904963,2026-02-20
201089,2025-12,BUKIT MERAH,3 ROOM,86,REDHILL CL,07 TO 09,59.0,Improved,1973,46 years 01 month,410000.0,86 REDHILL CL,150086,1.2869200622963,103.818673592235,2026-02-20
201505,2025-12,BUKIT MERAH,4 ROOM,75A,REDHILL RD,13 TO 15,100.0,Model A,2005,79 years 01 month,1010000.0,75A REDHILL RD,151075,1.28805315705423,103.815277070461,2026-02-20
201526,2025-12,BUKIT MERAH,4 ROOM,50,TELOK BLANGAH DR,04 TO 06,98.0,New Generation,1978,51 years 08 months,650000.0,50 TELOK BLANGAH DR,100050,1.27309040956353,103.810143564301,2026-02-20
201818,2025-12,BUKIT PANJANG,3 ROOM,454,FAJAR RD,04 TO 06,68.0,Model A,2015,89 years 01 month,435000.0,454 FAJAR RD,670454,1.38450243119902,103.771537431563,2026-02-20
201710,2025-12,BUKIT MERAH,5 ROOM,120,KIM TIAN PL,19 TO 21,115.0,Improved,2001,74 years 03 months,1130000.0,120 KIM TIAN PL,160120,1.28295503980413,103.827983319539,2026-02-20
201807,2025-12,BUKIT PANJANG,3 ROOM,250,BANGKIT RD,04 TO 06,73.0,Model A,1988,62 years,410000.0,250 BANGKIT RD,670250,1.38065502521671,103.773698672408,2026-02-20
201800,2025-12,BUKIT PANJANG,2 ROOM,636A,SENJA RD,04 TO 06,46.0,Model A,2015,89 years,338000.0,636A SENJA RD,671636,1.38691566473158,103.758538070592,2026-02-20
201775,2025-12,BUKIT MERAH,5 ROOM,87,ZION RD,07 TO 09,117.0,Improved,1974,47 years 07 months,1060000.0,87 ZION RD,160087,1.29065980562649,103.832608331993,2026-02-20
201752,2025-12,BUKIT MERAH,5 ROOM,110,SPOTTISWOODE PK RD,19 TO 21,123.0,Standard,1979,52 years 10 months,970000.0,110 SPOTTISWOODE PK RD,81110,1.2736382341353,103.836420334733,2026-02-20
201749,2025-12,BUKIT MERAH,5 ROOM,75B,REDHILL RD,10 TO 12,115.0,Improved,2005,79 years 01 month,1080000.0,75B REDHILL RD,152075,1.28848093779845,103.815878776808,2026-02-20
201738,2025-12,BUKIT MERAH,5 ROOM,81,REDHILL LANE,07 TO 09,126.0,Improved,1996,70 years,1230000.0,81 REDHILL LANE,150081,1.28775818263836,103.819493616875,2026-02-20
201699,2025-12,BUKIT MERAH,5 ROOM,118C,JLN MEMBINA,13 TO 15,110.0,Improved,2003,76 years 01 month,1130000.0,118C JLN MEMBINA,163118,1.2821693708226,103.826333715085,2026-02-20
201555,2025-12,BUKIT MERAH,4 ROOM,87,TELOK BLANGAH HTS,07 TO 09,90.0,Model A,2003,76 years 05 months,800880.0,87 TELOK BLANGAH HTS,100087,1.27686784151249,103.808148580097,2026-02-20
201689,2025-12,BUKIT MERAH,5 ROOM,140,JLN BT MERAH,16 TO 18,119.0,Improved,1979,52 years 02 months,820000.0,140 JLN BT MERAH,160140,1.27815614255865,103.829524327849,2026-02-20
201683,2025-12,BUKIT MERAH,5 ROOM,96A,HENDERSON RD,13 TO 15,113.0,Improved,2019,92 years 06 months,1435000.0,96A HENDERSON RD,151096,1.28798878836651,103.821947260359,2026-02-20
201665,2025-12,BUKIT MERAH,5 ROOM,3,EVERTON PK,01 TO 03,137.0,Improved,1980,53 years 11 months,925000.0,3 EVERTON PK,80003,1.27721730057752,103.838703998309,2026-02-20
201660,2025-12,BUKIT MERAH,5 ROOM,109A,DEPOT RD,01 TO 03,115.0,Improved,2006,79 years 03 months,780000.0,109A DEPOT RD,101109,1.28095771309777,103.809440153696,2026-02-20
201640,2025-12,BUKIT MERAH,5 ROOM,2,DELTA AVE,22 TO 24,122.0,Improved,1985,58 years 09 months,1150000.0,2 DELTA AVE,161002,1.29173412228908,103.82802613443,2026-02-20
201603,2025-12,BUKIT MERAH,4 ROOM,90B,TELOK BLANGAH ST 31,07 TO 09,93.0,Model A,2018,92 years 01 month,938888.0,90B TELOK BLANGAH ST 31,102090,1.27728367741324,103.806916176715,2026-02-20
202545,2025-12,BUKIT PANJANG,EXECUTIVE,542,JELAPANG RD,13 TO 15,140.0,Apartment,1999,72 years 07 months,1000000.0,542 JELAPANG RD,670542,1.38295895175771,103.763951611228,2026-02-20
202568,2025-12,BUKIT PANJANG,EXECUTIVE,479,SEGAR RD,10 TO 12,128.0,Premium Apartment,2002,75 years 09 months,700000.0,479 SEGAR RD,670479,1.38965198363957,103.772710941574,2026-02-20
203781,2025-12,CHOA CHU KANG,EXECUTIVE,350,CHOA CHU KANG CTRL,01 TO 03,146.0,Maisonette,1993,66 years 06 months,880000.0,350 CHOA CHU KANG CTRL,680350,1.38352784095572,103.74346921753,2026-02-20
202571,2025-12,BUKIT PANJANG,EXECUTIVE,652,SENJA LINK,10 TO 12,130.0,Premium Apartment,2001,75 years,780000.0,652 SENJA LINK,670652,1.38744862342634,103.763847246671,2026-02-20
203468,2025-12,CHOA CHU KANG,5 ROOM,810B,CHOA CHU KANG AVE 7,07 TO 09,113.0,Improved,2017,91 years,708000.0,810B CHOA CHU KANG AVE 7,682810,1.37421764851385,103.745467656318,2026-02-20
203467,2025-12,CHOA CHU KANG,5 ROOM,815B,CHOA CHU KANG AVE 7,07 TO 09,113.0,Improved,2017,90 years 04 months,765000.0,815B CHOA CHU KANG AVE 7,682815,1.37684626113984,103.747376759116,2026-02-20
203445,2025-12,CHOA CHU KANG,5 ROOM,488D,CHOA CHU KANG AVE 5,10 TO 12,113.0,Improved,2016,89 years 07 months,710000.0,488D CHOA CHU KANG AVE 5,684488,1.37642221610651,103.740504704448,2026-02-20
203444,2025-12,CHOA CHU KANG,5 ROOM,487C,CHOA CHU KANG AVE 5,07 TO 09,113.0,Improved,2016,89 years 07 months,715000.0,487C CHOA CHU KANG AVE 5,683487,1.37651280702577,103.739137682367,2026-02-20
203428,2025-12,CHOA CHU KANG,5 ROOM,416,CHOA CHU KANG AVE 4,13 TO 15,124.0,Improved,1993,66 years 06 months,730800.0,416 CHOA CHU KANG AVE 4,680416,1.38334049587446,103.742083284398,2026-02-20
203427,2025-12,CHOA CHU KANG,5 ROOM,430,CHOA CHU KANG AVE 4,10 TO 12,125.0,Improved,1993,66 years 07 months,690000.0,430 CHOA CHU KANG AVE 4,680430,1.38391802750636,103.741090395244,2026-02-20
203391,2025-12,CHOA CHU KANG,5 ROOM,277,CHOA CHU KANG AVE 2,10 TO 12,123.0,Improved,1993,66 years 06 months,755000.0,277 CHOA CHU KANG AVE 2,680277,1.37987227900139,103.744605644093,2026-02-20
203390,2025-12,CHOA CHU KANG,5 ROOM,250,CHOA CHU KANG AVE 2,04 TO 06,122.0,Improved,1993,66 years 06 months,670000.0,250 CHOA CHU KANG AVE 2,680250,1.37930897796883,103.745365161971,2026-02-20
203374,2025-12,CHOA CHU KANG,5 ROOM,808C,CHOA CHU KANG AVE 1,04 TO 06,112.0,Improved,2017,90 years 05 months,690000.0,808C CHOA CHU KANG AVE 1,683808,1.37503135118645,103.746186610645,2026-02-20
209143,2025-12,KALLANG/WHAMPOA,5 ROOM,17,JLN TENTERAM,10 TO 12,105.0,Improved,2001,74 years 11 months,825000.0,17 JLN TENTERAM,321017,1.32821169071169,103.859812573047,2026-02-20
203329,2025-12,CHOA CHU KANG,4 ROOM,8,TECK WHYE AVE,01 TO 03,92.0,New Generation,1978,51 years 06 months,445000.0,8 TECK WHYE AVE,680008,1.38066226970719,103.754670556697,2026-02-20
203325,2025-12,CHOA CHU KANG,4 ROOM,817A,KEAT HONG LINK,10 TO 12,92.0,Model A,2017,90 years 09 months,653888.0,817A KEAT HONG LINK,681817,1.37660757238152,103.748545956804,2026-02-20
203317,2025-12,CHOA CHU KANG,4 ROOM,801C,KEAT HONG CL,07 TO 09,92.0,Model A,2018,91 years 03 months,572500.0,801C KEAT HONG CL,683801,1.37523164152737,103.742766625186,2026-02-20
203285,2025-12,CHOA CHU KANG,4 ROOM,157,JLN TECK WHYE,07 TO 09,91.0,Model A2,1998,71 years 02 months,538000.0,157 JLN TECK WHYE,680157,1.37918786548209,103.756782882659,2026-02-20
203284,2025-12,CHOA CHU KANG,4 ROOM,157,JLN TECK WHYE,04 TO 06,100.0,Model A2,1998,71 years 02 months,560000.0,157 JLN TECK WHYE,680157,1.37918786548209,103.756782882659,2026-02-20
203543,2025-12,CHOA CHU KANG,5 ROOM,672,CHOA CHU KANG CRES,13 TO 15,124.0,Premium Apartment,2000,73 years 03 months,680000.0,672 CHOA CHU KANG CRES,680672,1.40215166474802,103.747495879547,2026-02-20
203544,2025-12,CHOA CHU KANG,5 ROOM,661,CHOA CHU KANG CRES,07 TO 09,121.0,Premium Apartment,1999,72 years 05 months,620000.0,661 CHOA CHU KANG CRES,680661,1.40082816093623,103.75056549927,2026-02-20
203563,2025-12,CHOA CHU KANG,5 ROOM,224,CHOA CHU KANG CTRL,01 TO 03,122.0,Improved,1993,66 years 07 months,652888.0,224 CHOA CHU KANG CTRL,680224,1.38078152626664,103.74466959968,2026-02-20
203693,2025-12,CHOA CHU KANG,5 ROOM,805D,KEAT HONG CL,07 TO 09,113.0,Improved,2017,90 years 06 months,728000.0,805D KEAT HONG CL,684805,1.37241665311801,103.744743989242,2026-02-20
203765,2025-12,CHOA CHU KANG,EXECUTIVE,420,CHOA CHU KANG AVE 4,16 TO 18,150.0,Apartment,1993,66 years 07 months,925000.0,420 CHOA CHU KANG AVE 4,680420,1.38147127512783,103.741375947485,2026-02-20
203745,2025-12,CHOA CHU KANG,EXECUTIVE,273,CHOA CHU KANG AVE 2,13 TO 15,147.0,Apartment,1993,66 years 08 months,858000.0,273 CHOA CHU KANG AVE 2,680273,1.37925043437799,103.743072730416,2026-02-20
203744,2025-12,CHOA CHU KANG,EXECUTIVE,271,CHOA CHU KANG AVE 2,13 TO 15,143.0,Apartment,1993,66 years 08 months,780000.0,271 CHOA CHU KANG AVE 2,680271,1.37869966040642,103.742532296308,2026-02-20
203709,2025-12,CHOA CHU KANG,5 ROOM,817B,KEAT HONG LINK,16 TO 18,112.0,Improved,2017,90 years 10 months,768000.0,817B KEAT HONG LINK,682817,1.37708774602652,103.748768050663,2026-02-20
203708,2025-12,CHOA CHU KANG,5 ROOM,817B,KEAT HONG LINK,22 TO 24,112.0,Improved,2017,90 years 10 months,780000.0,817B KEAT HONG LINK,682817,1.37708774602652,103.748768050663,2026-02-20
203694,2025-12,CHOA CHU KANG,5 ROOM,805C,KEAT HONG CL,07 TO 09,113.0,Improved,2017,90 years 05 months,700000.0,805C KEAT HONG CL,683805,1.37268736243732,103.743618216079,2026-02-20
203669,2025-12,CHOA CHU KANG,5 ROOM,162,JLN TECK WHYE,04 TO 06,122.0,Improved,1998,71 years 03 months,676000.0,162 JLN TECK WHYE,680162,1.38086551927932,103.757683733859,2026-02-20
203586,2025-12,CHOA CHU KANG,5 ROOM,688A,CHOA CHU KANG DR,10 TO 12,110.0,Improved,2002,75 years 04 months,560000.0,688A CHOA CHU KANG DR,681688,1.40396387456119,103.750566306243,2026-02-20
203642,2025-12,CHOA CHU KANG,5 ROOM,706,CHOA CHU KANG ST 53,07 TO 09,128.0,Improved,1995,68 years 06 months,608000.0,706 CHOA CHU KANG ST 53,680706,1.39036832173941,103.746864334257,2026-02-20
203639,2025-12,CHOA CHU KANG,5 ROOM,562,CHOA CHU KANG ST 52,01 TO 03,129.0,Improved,1995,68 years 07 months,698000.0,562 CHOA CHU KANG ST 52,680562,1.39629871036485,103.746022677229,2026-02-20
203622,2025-12,CHOA CHU KANG,5 ROOM,507,CHOA CHU KANG ST 51,07 TO 09,135.0,Model A,1994,68 years,686888.0,507 CHOA CHU KANG ST 51,680507,1.38910481548092,103.74128676791,2026-02-20
203603,2025-12,CHOA CHU KANG,5 ROOM,789,CHOA CHU KANG NTH 6,04 TO 06,128.0,Improved,1996,69 years 10 months,710000.0,789 CHOA CHU KANG NTH 6,680789,1.39587445047224,103.749162518106,2026-02-20
203597,2025-12,CHOA CHU KANG,5 ROOM,751,CHOA CHU KANG NTH 5,01 TO 03,126.0,Improved,1995,68 years 07 months,686800.0,751 CHOA CHU KANG NTH 5,680751,1.39246581726118,103.747906889864,2026-02-20
203587,2025-12,CHOA CHU KANG,5 ROOM,688B,CHOA CHU KANG DR,19 TO 21,110.0,Improved,2002,75 years 04 months,550000.0,688B CHOA CHU KANG DR,682688,1.40343593772923,103.75033691367,2026-02-20
203267,2025-12,CHOA CHU KANG,4 ROOM,626,CHOA CHU KANG ST 62,04 TO 06,100.0,Model A,1997,70 years 06 months,600000.0,626 CHOA CHU KANG ST 62,680626,1.39832082870875,103.745878081637,2026-02-20
203249,2025-12,CHOA CHU KANG,4 ROOM,702,CHOA CHU KANG ST 53,10 TO 12,114.0,Model A,1995,68 years 06 months,555000.0,702 CHOA CHU KANG ST 53,680702,1.39179994537682,103.745621182307,2026-02-20
203239,2025-12,CHOA CHU KANG,4 ROOM,565,CHOA CHU KANG ST 52,04 TO 06,105.0,Model A,1995,69 years,582888.0,565 CHOA CHU KANG ST 52,680565,1.39490602898208,103.745309711791,2026-02-20
202683,2025-12,CENTRAL AREA,3 ROOM,2,TG PAGAR PLAZA,10 TO 12,59.0,Improved,1977,50 years 03 months,548000.0,2 TG PAGAR PLAZA,82002,1.27523683085708,103.842605335418,2026-02-20
202769,2025-12,CENTRAL AREA,4 ROOM,334,KRETA AYER RD,19 TO 21,83.0,Improved,1981,54 years 04 months,788000.0,334 KRETA AYER RD,80334,1.28160641229699,103.84233592597,2026-02-20
202768,2025-12,CENTRAL AREA,4 ROOM,672B,KLANG LANE,10 TO 12,85.0,Model A,2002,75 years 08 months,705000.0,672B KLANG LANE,212672,1.30903703924735,103.852847667323,2026-02-20
202759,2025-12,CENTRAL AREA,4 ROOM,1C,CANTONMENT RD,43 TO 45,94.0,Type S1,2011,84 years 01 month,1448888.0,1C CANTONMENT RD,85301,1.27744909387079,103.841666679651,2026-02-20
202758,2025-12,CENTRAL AREA,4 ROOM,1D,CANTONMENT RD,37 TO 39,95.0,Type S1,2011,84 years 02 months,1430000.0,1D CANTONMENT RD,85401,1.27692024304713,103.841485788369,2026-02-20
202704,2025-12,CENTRAL AREA,3 ROOM,633,VEERASAMY RD,10 TO 12,72.0,Model A,1985,58 years 07 months,578000.0,633 VEERASAMY RD,200633,1.30570669675965,103.854943251549,2026-02-20
202703,2025-12,CENTRAL AREA,3 ROOM,635,VEERASAMY RD,04 TO 06,72.0,Model A,1985,58 years 08 months,550000.0,635 VEERASAMY RD,200635,1.30658850181781,103.855218716278,2026-02-20
202682,2025-12,CENTRAL AREA,3 ROOM,4,TG PAGAR PLAZA,10 TO 12,59.0,Improved,1977,50 years 03 months,522500.0,4 TG PAGAR PLAZA,81004,1.27590520131404,103.842741240941,2026-02-20
202799,2025-12,CENTRAL AREA,5 ROOM,632,VEERASAMY RD,22 TO 24,135.0,Model A,1985,58 years 09 months,1128000.0,632 VEERASAMY RD,200632,1.30606601392047,103.854501603493,2026-02-20
202644,2025-12,CENTRAL AREA,3 ROOM,30,KELANTAN RD,10 TO 12,76.0,Improved,1981,54 years 08 months,620000.0,30 KELANTAN RD,200030,1.30547181939625,103.856879434972,2026-02-20
202627,2025-12,BUKIT TIMAH,EXECUTIVE,7,TOH YI DR,07 TO 09,142.0,Apartment,1989,62 years 09 months,1390000.0,7 TOH YI DR,590007,1.33737314445096,103.775043151688,2026-02-20
202605,2025-12,BUKIT TIMAH,5 ROOM,1,QUEEN'S RD,07 TO 09,120.0,Standard,1974,47 years 05 months,990000.0,1 QUEEN'S RD,260001,1.31726629524359,103.806782877524,2026-02-20
202600,2025-12,BUKIT TIMAH,4 ROOM,1,TOH YI DR,04 TO 06,104.0,Model A,1988,61 years 08 months,908000.0,1 TOH YI DR,591501,1.33958155877064,103.774586318946,2026-02-20
202599,2025-12,BUKIT TIMAH,4 ROOM,4,TOH YI DR,04 TO 06,104.0,Model A,1988,61 years 09 months,938000.0,4 TOH YI DR,590004,1.3385120672333,103.774569823527,2026-02-20
202581,2025-12,BUKIT TIMAH,3 ROOM,4,QUEEN'S RD,10 TO 12,73.0,Improved,1974,47 years 05 months,560000.0,4 QUEEN'S RD,260004,1.31883225284458,103.808061967625,2026-02-20
202779,2025-12,CENTRAL AREA,4 ROOM,635,VEERASAMY RD,04 TO 06,109.0,Model A,1985,58 years 08 months,800000.0,635 VEERASAMY RD,200635,1.30658850181781,103.855218716278,2026-02-20
202804,2025-12,CHOA CHU KANG,2 ROOM,535,CHOA CHU KANG ST 51,10 TO 12,46.0,Model A,2011,84 years 10 months,340000.0,535 CHOA CHU KANG ST 51,680535,1.39133994451668,103.743931875351,2026-02-20
203183,2025-12,CHOA CHU KANG,4 ROOM,211,CHOA CHU KANG CTRL,07 TO 09,113.0,Model A,1989,62 years 11 months,613000.0,211 CHOA CHU KANG CTRL,680211,1.38192105715299,103.74790119771,2026-02-20
203063,2025-12,CHOA CHU KANG,4 ROOM,487C,CHOA CHU KANG AVE 5,04 TO 06,93.0,Model A,2016,89 years 07 months,578000.0,487C CHOA CHU KANG AVE 5,683487,1.37651280702577,103.739137682367,2026-02-20
203182,2025-12,CHOA CHU KANG,4 ROOM,227,CHOA CHU KANG CTRL,01 TO 03,105.0,Model A,1993,66 years 07 months,533000.0,227 CHOA CHU KANG CTRL,680227,1.38118249686415,103.745966246926,2026-02-20
203156,2025-12,CHOA CHU KANG,4 ROOM,667,CHOA CHU KANG CRES,07 TO 09,102.0,Model A,1999,72 years 07 months,530000.0,667 CHOA CHU KANG CRES,680667,1.40258973962651,103.749629714805,2026-02-20
203155,2025-12,CHOA CHU KANG,4 ROOM,661,CHOA CHU KANG CRES,07 TO 09,100.0,Premium Apartment,1999,72 years 05 months,512888.0,661 CHOA CHU KANG CRES,680661,1.40082816093623,103.75056549927,2026-02-20
203089,2025-12,CHOA CHU KANG,4 ROOM,811A,CHOA CHU KANG AVE 7,16 TO 18,93.0,Model A,2017,91 years,655000.0,811A CHOA CHU KANG AVE 7,681811,1.37373323250934,103.745947621659,2026-02-20
203088,2025-12,CHOA CHU KANG,4 ROOM,812C,CHOA CHU KANG AVE 7,13 TO 15,93.0,Model A,2017,91 years,620000.0,812C CHOA CHU KANG AVE 7,683812,1.3727609833656,103.745917783867,2026-02-20
203064,2025-12,CHOA CHU KANG,4 ROOM,489D,CHOA CHU KANG AVE 5,01 TO 03,93.0,Model A,2016,89 years 07 months,541500.0,489D CHOA CHU KANG AVE 5,684489,1.3758879374176,103.740225214266,2026-02-20
203010,2025-12,CHOA CHU KANG,4 ROOM,435,CHOA CHU KANG AVE 4,10 TO 12,104.0,Model A,1993,66 years 07 months,595666.0,435 CHOA CHU KANG AVE 4,680435,1.38513876368188,103.741050016887,2026-02-20
202824,2025-12,CHOA CHU KANG,3 ROOM,809B,CHOA CHU KANG AVE 1,10 TO 12,67.0,Model A,2017,90 years 05 months,506900.0,809B CHOA CHU KANG AVE 1,682809,1.37476188616122,103.744965122728,2026-02-20
202960,2025-12,CHOA CHU KANG,4 ROOM,293,CHOA CHU KANG AVE 3,07 TO 09,104.0,Model A,1993,66 years 07 months,568000.0,293 CHOA CHU KANG AVE 3,680293,1.37817045766097,103.740252438446,2026-02-20
202959,2025-12,CHOA CHU KANG,4 ROOM,412,CHOA CHU KANG AVE 3,10 TO 12,112.0,Model A,1992,65 years 08 months,593000.0,412 CHOA CHU KANG AVE 3,680412,1.38180972459048,103.742381573149,2026-02-20
202909,2025-12,CHOA CHU KANG,4 ROOM,295,CHOA CHU KANG AVE 2,04 TO 06,109.0,Model A,1990,63 years 06 months,520000.0,295 CHOA CHU KANG AVE 2,680295,1.37816643554536,103.740967966102,2026-02-20
202893,2025-12,CHOA CHU KANG,4 ROOM,818B,CHOA CHU KANG AVE 1,13 TO 15,92.0,Model A,2017,90 years 10 months,650000.0,818B CHOA CHU KANG AVE 1,682818,1.37725874802106,103.748291851205,2026-02-20
202892,2025-12,CHOA CHU KANG,4 ROOM,818B,CHOA CHU KANG AVE 1,04 TO 06,92.0,Model A,2017,90 years 10 months,620000.0,818B CHOA CHU KANG AVE 1,682818,1.37725874802106,103.748291851205,2026-02-20
202872,2025-12,CHOA CHU KANG,3 ROOM,110,TECK WHYE LANE,04 TO 06,73.0,Model A,1989,62 years 11 months,386000.0,110 TECK WHYE LANE,680110,1.37823695284901,103.752208325828,2026-02-20
206038,2025-12,HOUGANG,5 ROOM,984C,BUANGKOK LINK,07 TO 09,110.0,Improved,2004,77 years 03 months,650000.0,984C BUANGKOK LINK,533984,1.3823963211813,103.881385733203,2026-02-20
203353,2025-12,CHOA CHU KANG,4 ROOM,15,TECK WHYE LANE,04 TO 06,92.0,New Generation,1979,52 years 04 months,430000.0,15 TECK WHYE LANE,680015,1.37913357256794,103.7547387164,2026-02-20
206052,2025-12,HOUGANG,5 ROOM,173,HOUGANG AVE 1,07 TO 09,122.0,Improved,1997,71 years 01 month,800000.0,173 HOUGANG AVE 1,530173,1.3501246547491,103.888838230371,2026-02-20
208276,2025-12,JURONG WEST,EXECUTIVE,274A,JURONG WEST AVE 3,04 TO 06,126.0,Apartment,2001,75 years 01 month,660000.0,274A JURONG WEST AVE 3,641274,1.35226505301544,103.703603969219,2026-02-20
207896,2025-12,JURONG WEST,5 ROOM,271D,JURONG WEST ST 24,01 TO 03,112.0,Premium Apartment,2003,76 years 11 months,550000.0,271D JURONG WEST ST 24,644271,1.35003507101178,103.704907936078,2026-02-20
207937,2025-12,JURONG WEST,5 ROOM,416,JURONG WEST ST 42,04 TO 06,136.0,Model A,1984,57 years 09 months,630000.0,416 JURONG WEST ST 42,640416,1.35242591430816,103.725924618185,2026-02-20
207938,2025-12,JURONG WEST,5 ROOM,416,JURONG WEST ST 42,10 TO 12,134.0,Model A,1984,57 years 09 months,650000.0,416 JURONG WEST ST 42,640416,1.35242591430816,103.725924618185,2026-02-20
207939,2025-12,JURONG WEST,5 ROOM,415,JURONG WEST ST 42,01 TO 03,133.0,Model A,1985,58 years 04 months,620000.0,415 JURONG WEST ST 42,640415,1.35282431865817,103.724982266808,2026-02-20
207989,2025-12,JURONG WEST,5 ROOM,645,JURONG WEST ST 61,10 TO 12,120.0,Improved,1998,71 years 10 months,690000.0,645 JURONG WEST ST 61,640645,1.33903532010243,103.696461338372,2026-02-20
207990,2025-12,JURONG WEST,5 ROOM,652B,JURONG WEST ST 61,16 TO 18,110.0,Improved,2002,75 years 07 months,668000.0,652B JURONG WEST ST 61,642652,1.33664220672947,103.697989689004,2026-02-20
207991,2025-12,JURONG WEST,5 ROOM,648B,JURONG WEST ST 61,04 TO 06,110.0,Improved,2001,74 years 05 months,648000.0,648B JURONG WEST ST 61,642648,1.3383876917868,103.698192617992,2026-02-20
207992,2025-12,JURONG WEST,5 ROOM,653A,JURONG WEST ST 61,07 TO 09,110.0,Improved,2002,75 years 11 months,663888.0,653A JURONG WEST ST 61,641653,1.3368913768574,103.696638809163,2026-02-20
208047,2025-12,JURONG WEST,5 ROOM,684C,JURONG WEST ST 64,07 TO 09,111.0,Premium Apartment,2000,73 years 09 months,692888.0,684C JURONG WEST ST 64,643684,1.34358659212537,103.704502970823,2026-02-20
208048,2025-12,JURONG WEST,5 ROOM,677A,JURONG WEST ST 64,07 TO 09,110.0,Premium Apartment,2008,81 years 07 months,650000.0,677A JURONG WEST ST 64,641677,1.34563047616405,103.705038025438,2026-02-20
208049,2025-12,JURONG WEST,5 ROOM,664D,JURONG WEST ST 64,04 TO 06,110.0,Improved,2000,73 years 08 months,690000.0,664D JURONG WEST ST 64,644664,1.33894641102536,103.702784352226,2026-02-20
208050,2025-12,JURONG WEST,5 ROOM,676B,JURONG WEST ST 64,13 TO 15,110.0,Premium Apartment,2008,81 years 07 months,628000.0,676B JURONG WEST ST 64,642676,1.34600218842428,103.70418922292,2026-02-20
208104,2025-12,JURONG WEST,5 ROOM,658C,JURONG WEST ST 65,07 TO 09,112.0,Improved,2001,74 years 09 months,635000.0,658C JURONG WEST ST 65,643658,1.33685328006249,103.700477310165,2026-02-20
208105,2025-12,JURONG WEST,5 ROOM,611,JURONG WEST ST 65,01 TO 03,115.0,Premium Apartment,2001,74 years 04 months,615000.0,611 JURONG WEST ST 65,640611,1.3389061885246,103.700751339877,2026-02-20
208106,2025-12,JURONG WEST,5 ROOM,663C,JURONG WEST ST 65,07 TO 09,110.0,Improved,2000,73 years 09 months,650000.0,663C JURONG WEST ST 65,643663,1.33804531682119,103.702429703843,2026-02-20
208107,2025-12,JURONG WEST,5 ROOM,620,JURONG WEST ST 65,10 TO 12,110.0,Improved,2000,74 years 01 month,633000.0,620 JURONG WEST ST 65,640620,1.34145472885006,103.699481732903,2026-02-20
208120,2025-12,JURONG WEST,5 ROOM,733,JURONG WEST ST 73,13 TO 15,135.0,Model A,1995,68 years 06 months,672000.0,733 JURONG WEST ST 73,640733,1.34536778100039,103.700027619601,2026-02-20
208127,2025-12,JURONG WEST,5 ROOM,735,JURONG WEST ST 75,04 TO 06,133.0,Model A,1995,68 years 08 months,665000.0,735 JURONG WEST ST 75,640735,1.3461552094198,103.701169369401,2026-02-20
208160,2025-12,JURONG WEST,5 ROOM,847,JURONG WEST ST 81,13 TO 15,132.0,Model A,1996,69 years 04 months,720000.0,847 JURONG WEST ST 81,640847,1.34537150466414,103.691869630974,2026-02-20
208161,2025-12,JURONG WEST,5 ROOM,832,JURONG WEST ST 81,01 TO 03,126.0,Improved,1993,66 years 10 months,590000.0,832 JURONG WEST ST 81,640832,1.34402411393529,103.695220414893,2026-02-20
208162,2025-12,JURONG WEST,5 ROOM,846,JURONG WEST ST 81,01 TO 03,135.0,Model A,1996,69 years 04 months,640000.0,846 JURONG WEST ST 81,640846,1.34539794534735,103.691702257864,2026-02-20
208178,2025-12,JURONG WEST,5 ROOM,940,JURONG WEST ST 91,10 TO 12,121.0,Improved,1989,62 years 06 months,568000.0,940 JURONG WEST ST 91,640940,1.34330790784966,103.688873352514,2026-02-20
208179,2025-12,JURONG WEST,5 ROOM,913,JURONG WEST ST 91,07 TO 09,122.0,Improved,1988,61 years 05 months,588000.0,913 JURONG WEST ST 91,640913,1.34189152044615,103.687576856746,2026-02-20
208211,2025-12,JURONG WEST,5 ROOM,989A,JURONG WEST ST 93,13 TO 15,112.0,Premium Apartment,2008,81 years 09 months,610000.0,989A JURONG WEST ST 93,641989,1.33597335245081,103.694567800488,2026-02-20
208212,2025-12,JURONG WEST,5 ROOM,989B,JURONG WEST ST 93,10 TO 12,112.0,Premium Apartment,2008,81 years 09 months,628000.0,989B JURONG WEST ST 93,642989,1.33587253338167,103.694838223367,2026-02-20
208250,2025-12,JURONG WEST,5 ROOM,165A,YUNG KUANG RD,10 TO 12,113.0,Improved,2018,91 years 11 months,750000.0,165A YUNG KUANG RD,611165,1.33072542257431,103.721913762657,2026-02-20
208251,2025-12,JURONG WEST,5 ROOM,175A,YUNG KUANG RD,07 TO 09,113.0,Premium Apartment,2015,88 years 06 months,700000.0,175A YUNG KUANG RD,611175,1.33193786368443,103.721561508725,2026-02-20
208264,2025-12,JURONG WEST,5 ROOM,179,YUNG SHENG RD,04 TO 06,116.0,Improved,2001,74 years 05 months,588000.0,179 YUNG SHENG RD,610179,1.33368866801987,103.720747470236,2026-02-20
208265,2025-12,JURONG WEST,5 ROOM,181,YUNG SHENG RD,16 TO 18,115.0,Improved,2001,74 years 05 months,640000.0,181 YUNG SHENG RD,610181,1.33369206575684,103.721934875775,2026-02-20
207895,2025-12,JURONG WEST,5 ROOM,272A,JURONG WEST ST 24,13 TO 15,112.0,Premium Apartment,2003,76 years 11 months,600000.0,272A JURONG WEST ST 24,641272,1.35026682839179,103.705239920981,2026-02-20
207883,2025-12,JURONG WEST,5 ROOM,682B,JURONG WEST CTRL 1,01 TO 03,115.0,Premium Apartment,2000,73 years 10 months,642000.0,682B JURONG WEST CTRL 1,642682,1.34362221193011,103.705666137539,2026-02-20
207837,2025-12,JURONG WEST,5 ROOM,196B,BOON LAY DR,01 TO 03,113.0,Improved,2015,88 years 05 months,700000.0,196B BOON LAY DR,642196,1.34278860969526,103.714301445473,2026-02-20
207561,2025-12,JURONG WEST,4 ROOM,673A,JURONG WEST ST 65,07 TO 09,86.0,Model A2,2002,75 years 11 months,530000.0,673A JURONG WEST ST 65,641673,1.34426518191339,103.701249463726,2026-02-20
207351,2025-12,JURONG WEST,4 ROOM,275B,JURONG WEST ST 25,04 TO 06,90.0,Model A,2002,75 years 01 month,500000.0,275B JURONG WEST ST 25,642275,1.35288372552565,103.702480000176,2026-02-20
207421,2025-12,JURONG WEST,4 ROOM,561A,JURONG WEST ST 42,07 TO 09,93.0,Model A,2018,91 years 03 months,632888.0,561A JURONG WEST ST 42,641561,1.354294109695,103.719755141086,2026-02-20
207422,2025-12,JURONG WEST,4 ROOM,414,JURONG WEST ST 42,07 TO 09,104.0,Model A,1984,57 years 11 months,520000.0,414 JURONG WEST ST 42,640414,1.35281998847227,103.726034867574,2026-02-20
207423,2025-12,JURONG WEST,4 ROOM,455,JURONG WEST ST 42,01 TO 03,103.0,Model A,1985,58 years 02 months,540000.0,455 JURONG WEST ST 42,640455,1.35106550496497,103.718527803659,2026-02-20
207424,2025-12,JURONG WEST,4 ROOM,545,JURONG WEST ST 42,07 TO 09,108.0,Model A,1985,58 years 04 months,535000.0,545 JURONG WEST ST 42,640545,1.35229053905004,103.715246438458,2026-02-20
207442,2025-12,JURONG WEST,4 ROOM,518,JURONG WEST ST 52,13 TO 15,104.0,Model A,1984,58 years,635000.0,518 JURONG WEST ST 52,640518,1.34508681384068,103.717978485296,2026-02-20
207443,2025-12,JURONG WEST,4 ROOM,514,JURONG WEST ST 52,13 TO 15,105.0,Model A,1984,57 years 06 months,610000.0,514 JURONG WEST ST 52,640514,1.34674845635984,103.720153220929,2026-02-20
207444,2025-12,JURONG WEST,4 ROOM,535,JURONG WEST ST 52,07 TO 09,95.0,New Generation,1983,56 years 06 months,510000.0,535 JURONG WEST ST 52,640535,1.34942131073209,103.71701184524,2026-02-20
207480,2025-12,JURONG WEST,4 ROOM,642,JURONG WEST ST 61,13 TO 15,100.0,Model A,1998,71 years 10 months,550888.0,642 JURONG WEST ST 61,640642,1.34036989694199,103.695839824959,2026-02-20
207481,2025-12,JURONG WEST,4 ROOM,655A,JURONG WEST ST 61,10 TO 12,87.0,Model A2,2002,75 years 10 months,545000.0,655A JURONG WEST ST 61,641655,1.33553724025521,103.698482008728,2026-02-20
207483,2025-12,JURONG WEST,4 ROOM,613,JURONG WEST ST 62,01 TO 03,94.0,Premium Apartment,2001,74 years 02 months,548000.0,613 JURONG WEST ST 62,640613,1.33978250520383,103.700667734162,2026-02-20
207521,2025-12,JURONG WEST,4 ROOM,664C,JURONG WEST ST 64,07 TO 09,91.0,Model A,2000,73 years 08 months,592000.0,664C JURONG WEST ST 64,643664,1.33821125273272,103.703155643642,2026-02-20
207522,2025-12,JURONG WEST,4 ROOM,675A,JURONG WEST ST 64,07 TO 09,91.0,Premium Apartment,2008,81 years 06 months,535000.0,675A JURONG WEST ST 64,641675,1.34542576991263,103.703464632989,2026-02-20
207562,2025-12,JURONG WEST,4 ROOM,663A,JURONG WEST ST 65,07 TO 09,91.0,Model A,2000,73 years 08 months,560000.0,663A JURONG WEST ST 65,641663,1.33853145939344,103.701545131576,2026-02-20
207836,2025-12,JURONG WEST,5 ROOM,196B,BOON LAY DR,04 TO 06,113.0,Improved,2015,88 years 06 months,758000.0,196B BOON LAY DR,642196,1.34278860969526,103.714301445473,2026-02-20
207589,2025-12,JURONG WEST,4 ROOM,703,JURONG WEST ST 71,01 TO 03,109.0,Model A,1995,68 years 08 months,510000.0,703 JURONG WEST ST 71,640703,1.34163032255525,103.695832219555,2026-02-20
207592,2025-12,JURONG WEST,4 ROOM,730,JURONG WEST ST 72,07 TO 09,103.0,Model A,1990,63 years 11 months,550000.0,730 JURONG WEST ST 72,640730,1.34610886408457,103.698426986147,2026-02-20
207652,2025-12,JURONG WEST,4 ROOM,835,JURONG WEST ST 81,07 TO 09,104.0,Model A,1989,63 years,520000.0,835 JURONG WEST ST 81,640835,1.34350459053029,103.693705521036,2026-02-20
207692,2025-12,JURONG WEST,4 ROOM,946,JURONG WEST ST 91,04 TO 06,105.0,Model A,1989,62 years 08 months,465000.0,946 JURONG WEST ST 91,640946,1.34420009942757,103.69045184945,2026-02-20
207693,2025-12,JURONG WEST,4 ROOM,903,JURONG WEST ST 91,07 TO 09,108.0,Model A,1988,61 years 08 months,480000.0,903 JURONG WEST ST 91,640903,1.33971747972051,103.68606107405,2026-02-20
207694,2025-12,JURONG WEST,4 ROOM,914,JURONG WEST ST 91,04 TO 06,103.0,Model A,1988,61 years 07 months,500000.0,914 JURONG WEST ST 91,640914,1.34145537092651,103.687970250455,2026-02-20
207721,2025-12,JURONG WEST,4 ROOM,987B,JURONG WEST ST 93,01 TO 03,93.0,Premium Apartment,2008,81 years 09 months,530000.0,987B JURONG WEST ST 93,642987,1.33659334547656,103.694773888467,2026-02-20
207722,2025-12,JURONG WEST,4 ROOM,976,JURONG WEST ST 93,04 TO 06,104.0,Model A,1989,62 years 05 months,480000.0,976 JURONG WEST ST 93,640976,1.34000730508584,103.693804703262,2026-02-20
207723,2025-12,JURONG WEST,4 ROOM,976,JURONG WEST ST 93,01 TO 03,104.0,Model A,1989,62 years 04 months,510000.0,976 JURONG WEST ST 93,640976,1.34000730508584,103.693804703262,2026-02-20
207746,2025-12,JURONG WEST,4 ROOM,348,KANG CHING RD,10 TO 12,102.0,Model A,1997,70 years 06 months,578000.0,348 KANG CHING RD,610348,1.3406099422348,103.719782260106,2026-02-20
207762,2025-12,JURONG WEST,4 ROOM,329,TAH CHING RD,07 TO 09,103.0,Model A,1997,70 years 09 months,558000.0,329 TAH CHING RD,610329,1.3374608850516,103.723845021333,2026-02-20
207763,2025-12,JURONG WEST,4 ROOM,337A,TAH CHING RD,16 TO 18,94.0,Model A,2010,83 years 05 months,650000.0,337A TAH CHING RD,611337,1.33769966406232,103.722790261602,2026-02-20
207825,2025-12,JURONG WEST,5 ROOM,216A,BOON LAY AVE,04 TO 06,114.0,Improved,2018,91 years 08 months,700000.0,216A BOON LAY AVE,641216,1.35012140486811,103.711875870954,2026-02-20
208266,2025-12,JURONG WEST,5 ROOM,180,YUNG SHENG RD,10 TO 12,115.0,Improved,2001,74 years 05 months,648000.0,180 YUNG SHENG RD,610180,1.33369142178284,103.72126635519,2026-02-20
208286,2025-12,JURONG WEST,EXECUTIVE,688,JURONG WEST CTRL 1,04 TO 06,139.0,Premium Apartment,1998,71 years 05 months,812000.0,688 JURONG WEST CTRL 1,640688,1.34110457956279,103.705352923802,2026-02-20
207310,2025-12,JURONG WEST,4 ROOM,721,JURONG WEST AVE 5,01 TO 03,104.0,Model A,1989,63 years,505000.0,721 JURONG WEST AVE 5,640721,1.34399335727786,103.697595848966,2026-02-20
208316,2025-12,JURONG WEST,EXECUTIVE,656B,JURONG WEST ST 61,04 TO 06,133.0,Apartment,2001,74 years 08 months,835000.0,656B JURONG WEST ST 61,642656,1.33591314942937,103.699425779541,2026-02-20
208717,2025-12,KALLANG/WHAMPOA,3 ROOM,5A,UPP BOON KENG RD,04 TO 06,67.0,Model A,2012,85 years 06 months,688000.0,5A UPP BOON KENG RD,381005,1.3132753601909,103.873489088653,2026-02-20
208718,2025-12,KALLANG/WHAMPOA,3 ROOM,11,UPP BOON KENG RD,10 TO 12,75.0,Improved,1974,47 years 02 months,488888.0,11 UPP BOON KENG RD,380011,1.31423937033551,103.870914031459,2026-02-20
208743,2025-12,KALLANG/WHAMPOA,3 ROOM,93,WHAMPOA DR,01 TO 03,65.0,Improved,1974,47 years 04 months,380000.0,93 WHAMPOA DR,320093,1.32227606663002,103.854799917943,2026-02-20
208775,2025-12,KALLANG/WHAMPOA,4 ROOM,10C,BENDEMEER RD,22 TO 24,93.0,Model A,2017,91 years 01 month,1120000.0,10C BENDEMEER RD,333010,1.31584236197018,103.860644539729,2026-02-20
208800,2025-12,KALLANG/WHAMPOA,4 ROOM,39,CAMBRIDGE RD,04 TO 06,101.0,Model A,1997,71 years,763000.0,39 CAMBRIDGE RD,210039,1.31633807257608,103.848468483993,2026-02-20
208816,2025-12,KALLANG/WHAMPOA,4 ROOM,59C,GEYLANG BAHRU,04 TO 06,100.0,Model A,1998,72 years 01 month,863888.0,59C GEYLANG BAHRU,332059,1.32221075711137,103.868500280143,2026-02-20
208828,2025-12,KALLANG/WHAMPOA,4 ROOM,29,JLN BAHAGIA,04 TO 06,84.0,Simplified,1987,60 years 11 months,564000.0,29 JLN BAHAGIA,320029,1.32540758450301,103.858565503017,2026-02-20
208837,2025-12,KALLANG/WHAMPOA,4 ROOM,101,JLN RAJAH,13 TO 15,94.0,New Generation,1980,54 years 01 month,610000.0,101 JLN RAJAH,321101,1.32871478392959,103.850545321033,2026-02-20
208838,2025-12,KALLANG/WHAMPOA,4 ROOM,107,JLN RAJAH,07 TO 09,103.0,Model A,1984,57 years 08 months,725000.0,107 JLN RAJAH,320107,1.32785332684887,103.854993724632,2026-02-20
208874,2025-12,KALLANG/WHAMPOA,4 ROOM,117B,JLN TENTERAM,04 TO 06,93.0,Model A,2017,91 years,820000.0,117B JLN TENTERAM,322117,1.32816494843873,103.860801944702,2026-02-20
208933,2025-12,KALLANG/WHAMPOA,4 ROOM,113B,MCNAIR RD,25 TO 27,93.0,Premium Apartment,2017,91 years 01 month,1118000.0,113B MCNAIR RD,323113,1.32118140104797,103.860568176564,2026-02-20
208934,2025-12,KALLANG/WHAMPOA,4 ROOM,113A,MCNAIR RD,34 TO 36,93.0,Premium Apartment,2017,91 years 01 month,1210000.0,113A MCNAIR RD,322113,1.32142575611025,103.860194689384,2026-02-20
208935,2025-12,KALLANG/WHAMPOA,4 ROOM,113A,MCNAIR RD,28 TO 30,93.0,Premium Apartment,2017,91 years 01 month,1068000.0,113A MCNAIR RD,322113,1.32142575611025,103.860194689384,2026-02-20
208982,2025-12,KALLANG/WHAMPOA,4 ROOM,25A,ST. GEORGE'S LANE,31 TO 33,92.0,Model A,2020,93 years 06 months,1263000.0,25A ST. GEORGE'S LANE,321025,1.32183662062012,103.861839161245,2026-02-20
208983,2025-12,KALLANG/WHAMPOA,4 ROOM,26B,ST. GEORGE'S LANE,28 TO 30,92.0,Model A,2020,93 years 06 months,1160000.0,26B ST. GEORGE'S LANE,322026,1.32166862124903,103.862717909816,2026-02-20
208984,2025-12,KALLANG/WHAMPOA,4 ROOM,26A,ST. GEORGE'S LANE,22 TO 24,92.0,Model A,2020,93 years 06 months,1165000.0,26A ST. GEORGE'S LANE,321026,1.32238824783966,103.862438814371,2026-02-20
208985,2025-12,KALLANG/WHAMPOA,4 ROOM,26B,ST. GEORGE'S LANE,13 TO 15,92.0,Model A,2020,93 years 06 months,1100000.0,26B ST. GEORGE'S LANE,322026,1.32166862124903,103.862717909816,2026-02-20
206061,2025-12,HOUGANG,5 ROOM,409,HOUGANG AVE 10,07 TO 09,121.0,Improved,1985,59 years 01 month,785000.0,409 HOUGANG AVE 10,530409,1.37369229134185,103.895116210204,2026-02-20
208996,2025-12,KALLANG/WHAMPOA,4 ROOM,18,ST. GEORGE'S RD,10 TO 12,91.0,New Generation,1984,58 years 01 month,650000.0,18 ST. GEORGE'S RD,320018,1.32406159729828,103.862833773877,2026-02-20
208997,2025-12,KALLANG/WHAMPOA,4 ROOM,9,ST. GEORGE'S RD,10 TO 12,104.0,Model A,1985,58 years 05 months,760000.0,9 ST. GEORGE'S RD,320009,1.32372379609506,103.862995082822,2026-02-20
209048,2025-12,KALLANG/WHAMPOA,4 ROOM,8B,UPP BOON KENG RD,19 TO 21,95.0,Premium Apartment,2017,90 years 08 months,1148888.0,8B UPP BOON KENG RD,382008,1.31234447247543,103.869898299245,2026-02-20
209049,2025-12,KALLANG/WHAMPOA,4 ROOM,15,UPP BOON KENG RD,07 TO 09,88.0,Improved,1975,48 years 03 months,588000.0,15 UPP BOON KENG RD,380015,1.3158732490877,103.871296185183,2026-02-20
209073,2025-12,KALLANG/WHAMPOA,5 ROOM,1,BEACH RD,07 TO 09,153.0,Adjoined flat,1979,52 years 10 months,912000.0,1 BEACH RD,190001,1.3036713506088,103.864478660925,2026-02-20
209097,2025-12,KALLANG/WHAMPOA,5 ROOM,8,BOON KENG RD,19 TO 21,117.0,DBSS,2011,84 years 03 months,1450888.0,8 BOON KENG RD,330008,1.31642489627751,103.861501638313,2026-02-20
209098,2025-12,KALLANG/WHAMPOA,5 ROOM,8,BOON KENG RD,07 TO 09,109.0,DBSS,2011,84 years 02 months,1100000.0,8 BOON KENG RD,330008,1.31642489627751,103.861501638313,2026-02-20
209099,2025-12,KALLANG/WHAMPOA,5 ROOM,9,BOON KENG RD,31 TO 33,109.0,DBSS,2011,84 years 02 months,1420000.0,9 BOON KENG RD,330009,1.31605118149851,103.861218698544,2026-02-20
209100,2025-12,KALLANG/WHAMPOA,5 ROOM,6,BOON KENG RD,13 TO 15,126.0,Improved,1996,70 years,1083888.0,6 BOON KENG RD,330006,1.31708803504618,103.860896688005,2026-02-20
209126,2025-12,KALLANG/WHAMPOA,5 ROOM,816,JELLICOE RD,19 TO 21,110.0,Improved,2003,76 years 04 months,1138000.0,816 JELLICOE RD,200816,1.30695273729599,103.861244368296,2026-02-20
209142,2025-12,KALLANG/WHAMPOA,5 ROOM,17,JLN TENTERAM,13 TO 15,105.0,Improved,2001,74 years 11 months,840000.0,17 JLN TENTERAM,321017,1.32821169071169,103.859812573047,2026-02-20
208660,2025-12,KALLANG/WHAMPOA,3 ROOM,685,RACE COURSE RD,04 TO 06,63.0,Simplified,1986,59 years 01 month,551888.0,685 RACE COURSE RD,210685,1.31400583508364,103.856831276139,2026-02-20
208650,2025-12,KALLANG/WHAMPOA,3 ROOM,468,NTH BRIDGE RD,04 TO 06,60.0,Improved,1979,52 years 07 months,448000.0,468 NTH BRIDGE RD,190468,1.30539150676389,103.863222183958,2026-02-20
208642,2025-12,KALLANG/WHAMPOA,3 ROOM,123,MCNAIR RD,04 TO 06,64.0,Simplified,1987,60 years 05 months,490000.0,123 MCNAIR RD,320123,1.31844233518161,103.856349883909,2026-02-20
208523,2025-12,KALLANG/WHAMPOA,3 ROOM,73,GEYLANG BAHRU,04 TO 06,59.0,Improved,1974,47 years 04 months,367000.0,73 GEYLANG BAHRU,330073,1.32264236942866,103.870596516216,2026-02-20
208333,2025-12,JURONG WEST,EXECUTIVE,669B,JURONG WEST ST 64,10 TO 12,130.0,Apartment,2000,73 years 08 months,795000.0,669B JURONG WEST ST 64,642669,1.34284965706275,103.702804278151,2026-02-20
208357,2025-12,JURONG WEST,EXECUTIVE,666B,JURONG WEST ST 65,07 TO 09,130.0,Apartment,2000,73 years 05 months,853000.0,666B JURONG WEST ST 65,642666,1.33961422416176,103.701958631652,2026-02-20
208358,2025-12,JURONG WEST,EXECUTIVE,628,JURONG WEST ST 65,16 TO 18,130.0,Apartment,2001,74 years 09 months,798000.0,628 JURONG WEST ST 65,640628,1.34220416672257,103.699447645211,2026-02-20
208359,2025-12,JURONG WEST,EXECUTIVE,666B,JURONG WEST ST 65,07 TO 09,130.0,Apartment,2000,73 years 05 months,800000.0,666B JURONG WEST ST 65,642666,1.33961422416176,103.701958631652,2026-02-20
208369,2025-12,JURONG WEST,EXECUTIVE,708,JURONG WEST ST 71,07 TO 09,150.0,Apartment,1993,67 years,878000.0,708 JURONG WEST ST 71,640708,1.34207524231502,103.694306358693,2026-02-20
208384,2025-12,JURONG WEST,EXECUTIVE,862,JURONG WEST ST 81,01 TO 03,144.0,Apartment,1996,70 years,725000.0,862 JURONG WEST ST 81,640862,1.3501424810666,103.696684591473,2026-02-20
208396,2025-12,JURONG WEST,EXECUTIVE,151,YUNG HO RD,07 TO 09,147.0,Maisonette,1990,63 years 11 months,818000.0,151 YUNG HO RD,610151,1.32676126001247,103.721288499183,2026-02-20
208429,2025-12,KALLANG/WHAMPOA,3 ROOM,2,BEACH RD,13 TO 15,74.0,Improved,1979,52 years 09 months,538000.0,2 BEACH RD,190002,1.30403300585898,103.864928408355,2026-02-20
208462,2025-12,KALLANG/WHAMPOA,3 ROOM,30,BENDEMEER RD,04 TO 06,68.0,Improved,1972,45 years 02 months,420000.0,30 BENDEMEER RD,330030,1.319303367127,103.86404981515,2026-02-20
208463,2025-12,KALLANG/WHAMPOA,3 ROOM,47,BENDEMEER RD,04 TO 06,65.0,Improved,1974,47 years 11 months,390000.0,47 BENDEMEER RD,330047,1.3233974126952,103.866812029524,2026-02-20
208464,2025-12,KALLANG/WHAMPOA,3 ROOM,24,BENDEMEER RD,10 TO 12,68.0,Improved,1972,45 years 02 months,485000.0,24 BENDEMEER RD,330024,1.31862347782977,103.862324355167,2026-02-20
208465,2025-12,KALLANG/WHAMPOA,3 ROOM,24,BENDEMEER RD,01 TO 03,68.0,Improved,1972,45 years 02 months,400000.0,24 BENDEMEER RD,330024,1.31862347782977,103.862324355167,2026-02-20
208490,2025-12,KALLANG/WHAMPOA,3 ROOM,12,FARRER PK RD,04 TO 06,62.0,Model A,2004,77 years 07 months,616000.0,12 FARRER PK RD,210012,1.31198113120325,103.851638487106,2026-02-20
208524,2025-12,KALLANG/WHAMPOA,3 ROOM,68,GEYLANG BAHRU,16 TO 18,65.0,Improved,1974,47 years 08 months,428888.0,68 GEYLANG BAHRU,330068,1.32195385488883,103.869843391813,2026-02-20
208636,2025-12,KALLANG/WHAMPOA,3 ROOM,77,LOR LIMAU,07 TO 09,59.0,Improved,1973,46 years 08 months,370000.0,77 LOR LIMAU,320077,1.32504567583472,103.854762707954,2026-02-20
208525,2025-12,KALLANG/WHAMPOA,3 ROOM,57,GEYLANG BAHRU,01 TO 03,65.0,Improved,1974,47 years 08 months,408000.0,57 GEYLANG BAHRU,330057,1.32353780675049,103.86914775647,2026-02-20
208526,2025-12,KALLANG/WHAMPOA,3 ROOM,68,GEYLANG BAHRU,16 TO 18,65.0,Improved,1974,47 years 08 months,450000.0,68 GEYLANG BAHRU,330068,1.32195385488883,103.869843391813,2026-02-20
208590,2025-12,KALLANG/WHAMPOA,3 ROOM,117A,JLN TENTERAM,01 TO 03,67.0,Model A,2017,91 years,550000.0,117A JLN TENTERAM,321117,1.3282335842715,103.861138402914,2026-02-20
208591,2025-12,KALLANG/WHAMPOA,3 ROOM,116B,JLN TENTERAM,19 TO 21,67.0,Model A,2017,91 years,675000.0,116B JLN TENTERAM,322116,1.32754908001444,103.860807411661,2026-02-20
208592,2025-12,KALLANG/WHAMPOA,3 ROOM,116B,JLN TENTERAM,19 TO 21,67.0,Model A,2017,91 years,692888.0,116B JLN TENTERAM,322116,1.32754908001444,103.860807411661,2026-02-20
208593,2025-12,KALLANG/WHAMPOA,3 ROOM,116A,JLN TENTERAM,25 TO 27,67.0,Model A,2017,91 years,650000.0,116A JLN TENTERAM,321116,1.3270531250321,103.860558381575,2026-02-20
208616,2025-12,KALLANG/WHAMPOA,3 ROOM,65,KALLANG BAHRU,10 TO 12,65.0,Improved,1981,54 years 02 months,460000.0,65 KALLANG BAHRU,330065,1.31969547154613,103.868364964604,2026-02-20
208617,2025-12,KALLANG/WHAMPOA,3 ROOM,65,KALLANG BAHRU,04 TO 06,65.0,Improved,1981,54 years 02 months,405000.0,65 KALLANG BAHRU,330065,1.31969547154613,103.868364964604,2026-02-20
208618,2025-12,KALLANG/WHAMPOA,3 ROOM,65,KALLANG BAHRU,01 TO 03,65.0,Improved,1981,54 years 02 months,435000.0,65 KALLANG BAHRU,330065,1.31969547154613,103.868364964604,2026-02-20
208619,2025-12,KALLANG/WHAMPOA,3 ROOM,64,KALLANG BAHRU,07 TO 09,65.0,Improved,1974,47 years 02 months,402000.0,64 KALLANG BAHRU,330064,1.32034663718702,103.86834750594,2026-02-20
208625,2025-12,KALLANG/WHAMPOA,3 ROOM,806,KING GEORGE'S AVE,13 TO 15,68.0,Improved,1981,54 years 09 months,536000.0,806 KING GEORGE'S AVE,200806,1.3085267799688,103.861149049314,2026-02-20
208626,2025-12,KALLANG/WHAMPOA,3 ROOM,806,KING GEORGE'S AVE,13 TO 15,68.0,Improved,1981,54 years 09 months,550000.0,806 KING GEORGE'S AVE,200806,1.3085267799688,103.861149049314,2026-02-20
208627,2025-12,KALLANG/WHAMPOA,3 ROOM,806,KING GEORGE'S AVE,13 TO 15,59.0,Improved,1981,54 years 09 months,495000.0,806 KING GEORGE'S AVE,200806,1.3085267799688,103.861149049314,2026-02-20
207334,2025-12,JURONG WEST,4 ROOM,693,JURONG WEST CTRL 1,07 TO 09,102.0,Premium Apartment,1998,71 years 04 months,558888.0,693 JURONG WEST CTRL 1,640693,1.34290033614079,103.706185188199,2026-02-20
207912,2025-12,JURONG WEST,5 ROOM,467,JURONG WEST ST 41,07 TO 09,121.0,Improved,1985,58 years 11 months,663000.0,467 JURONG WEST ST 41,640467,1.34949116382536,103.722545123133,2026-02-20
207300,2025-12,JURONG WEST,4 ROOM,273A,JURONG WEST AVE 3,07 TO 09,90.0,Model A,2001,75 years 01 month,550000.0,273A JURONG WEST AVE 3,641273,1.35145036166323,103.703485290422,2026-02-20
206712,2025-12,JURONG EAST,5 ROOM,213,JURONG EAST ST 21,19 TO 21,120.0,Improved,1982,55 years 10 months,738000.0,213 JURONG EAST ST 21,600213,1.33903256648275,103.739773775263,2026-02-20
206830,2025-12,JURONG WEST,2 ROOM,140C,CORPORATION DR,04 TO 06,47.0,Model A,2019,92 years 07 months,370000.0,140C CORPORATION DR,613140,1.32754362846391,103.724285977296,2026-02-20
206771,2025-12,JURONG EAST,5 ROOM,267,TOH GUAN RD,10 TO 12,121.0,Improved,1998,71 years 11 months,810000.0,267 TOH GUAN RD,600267,1.34111736866105,103.744794661314,2026-02-20
206742,2025-12,JURONG EAST,5 ROOM,404,PANDAN GDNS,04 TO 06,104.0,Standard,1979,52 years 05 months,510000.0,404 PANDAN GDNS,600404,1.31981661286798,103.749283319022,2026-02-20
206734,2025-12,JURONG EAST,5 ROOM,311,JURONG EAST ST 32,07 TO 09,132.0,Model A,1984,57 years 06 months,648000.0,311 JURONG EAST ST 32,600311,1.3476665757372,103.73257867693,2026-02-20
206728,2025-12,JURONG EAST,5 ROOM,322,JURONG EAST ST 31,07 TO 09,121.0,Improved,1985,58 years 10 months,640000.0,322 JURONG EAST ST 31,600322,1.34803793215272,103.729165542694,2026-02-20
206722,2025-12,JURONG EAST,5 ROOM,258,JURONG EAST ST 24,01 TO 03,121.0,Improved,1983,56 years 03 months,630000.0,258 JURONG EAST ST 24,600258,1.34378634902456,103.738635757888,2026-02-20
206711,2025-12,JURONG EAST,5 ROOM,238,JURONG EAST ST 21,04 TO 06,120.0,Improved,1982,55 years 10 months,685000.0,238 JURONG EAST ST 21,600238,1.34071930674982,103.74056288551,2026-02-20
206895,2025-12,JURONG WEST,3 ROOM,186,BOON LAY AVE,01 TO 03,59.0,Improved,1975,48 years 11 months,335000.0,186 BOON LAY AVE,640186,1.34572728320792,103.711027373165,2026-02-20
206682,2025-12,JURONG EAST,5 ROOM,106,JURONG EAST ST 13,19 TO 21,120.0,Improved,1982,55 years 11 months,700000.0,106 JURONG EAST ST 13,600106,1.33724965052823,103.737674650927,2026-02-20
206674,2025-12,JURONG EAST,5 ROOM,331,JURONG EAST AVE 1,04 TO 06,131.0,Model A,1985,58 years 06 months,630000.0,331 JURONG EAST AVE 1,600331,1.35082650419629,103.73042009299,2026-02-20
206669,2025-12,JURONG EAST,4 ROOM,283,TOH GUAN RD,13 TO 15,93.0,Model A2,1998,72 years,645000.0,283 TOH GUAN RD,600283,1.33908506817905,103.74705803294,2026-02-20
206640,2025-12,JURONG EAST,4 ROOM,64,TEBAN GDNS RD,22 TO 24,85.0,Model A,2003,76 years 06 months,540000.0,64 TEBAN GDNS RD,600064,1.32137890995417,103.739779356356,2026-02-20
206639,2025-12,JURONG EAST,4 ROOM,44,TEBAN GDNS RD,10 TO 12,93.0,New Generation,1985,59 years,490000.0,44 TEBAN GDNS RD,600044,1.32075391757793,103.741600208874,2026-02-20
206638,2025-12,JURONG EAST,4 ROOM,60,TEBAN GDNS RD,07 TO 09,88.0,Model A,2003,76 years 09 months,498000.0,60 TEBAN GDNS RD,600060,1.32275524437283,103.738658086826,2026-02-20
206831,2025-12,JURONG WEST,2 ROOM,140B,CORPORATION DR,07 TO 09,47.0,Model A,2019,92 years 07 months,375000.0,140B CORPORATION DR,612140,1.32727562835044,103.723574645357,2026-02-20
206896,2025-12,JURONG WEST,3 ROOM,186,BOON LAY AVE,19 TO 21,59.0,Improved,1975,49 years,315000.0,186 BOON LAY AVE,640186,1.34572728320792,103.711027373165,2026-02-20
207134,2025-12,JURONG WEST,3 ROOM,524,JURONG WEST ST 52,10 TO 12,67.0,New Generation,1982,55 years 05 months,418000.0,524 JURONG WEST ST 52,640524,1.3471976255018,103.717246730837,2026-02-20
207009,2025-12,JURONG WEST,3 ROOM,114,HO CHING RD,07 TO 09,67.0,Improved,1971,44 years 06 months,320000.0,114 HO CHING RD,610114,1.33378944321337,103.72411125115,2026-02-20
207079,2025-12,JURONG WEST,3 ROOM,433,JURONG WEST ST 42,10 TO 12,74.0,Model A,1985,58 years 02 months,417000.0,433 JURONG WEST ST 42,640433,1.3527798445309,103.722858578257,2026-02-20
207078,2025-12,JURONG WEST,3 ROOM,561A,JURONG WEST ST 42,10 TO 12,68.0,Model A,2018,91 years 03 months,505000.0,561A JURONG WEST ST 42,641561,1.354294109695,103.719755141086,2026-02-20
207077,2025-12,JURONG WEST,3 ROOM,448,JURONG WEST ST 42,01 TO 03,75.0,Model A,1984,57 years 11 months,450000.0,448 JURONG WEST ST 42,640448,1.35263257879691,103.719400998152,2026-02-20
207040,2025-12,JURONG WEST,3 ROOM,697B,JURONG WEST CTRL 3,07 TO 09,68.0,Model A,2017,90 years 11 months,608888.0,697B JURONG WEST CTRL 3,642697,1.34067930866793,103.708445480847,2026-02-20
207039,2025-12,JURONG WEST,3 ROOM,698B,JURONG WEST CTRL 3,10 TO 12,68.0,Model A,2017,91 years,590888.0,698B JURONG WEST CTRL 3,642698,1.3406512946922,103.707506154373,2026-02-20
207028,2025-12,JURONG WEST,3 ROOM,423,JURONG WEST AVE 1,04 TO 06,74.0,Model A,1984,57 years 09 months,420000.0,423 JURONG WEST AVE 1,640423,1.35086140005278,103.725450709899,2026-02-20
207008,2025-12,JURONG WEST,3 ROOM,114,HO CHING RD,01 TO 03,67.0,Improved,1971,44 years 06 months,330000.0,114 HO CHING RD,610114,1.33378944321337,103.72411125115,2026-02-20
206897,2025-12,JURONG WEST,3 ROOM,186,BOON LAY AVE,07 TO 09,59.0,Improved,1975,48 years 11 months,320000.0,186 BOON LAY AVE,640186,1.34572728320792,103.711027373165,2026-02-20
207007,2025-12,JURONG WEST,3 ROOM,111,HO CHING RD,10 TO 12,68.0,Improved,1970,43 years 05 months,360000.0,111 HO CHING RD,610111,1.33388939555115,103.723306118882,2026-02-20
207006,2025-12,JURONG WEST,3 ROOM,114,HO CHING RD,01 TO 03,76.0,Improved,1971,44 years 06 months,335000.0,114 HO CHING RD,610114,1.33378944321337,103.72411125115,2026-02-20
206984,2025-12,JURONG WEST,3 ROOM,140D,CORPORATION DR,07 TO 09,68.0,Model A,2019,92 years 07 months,492000.0,140D CORPORATION DR,614140,1.32759130033551,103.724631921446,2026-02-20
206971,2025-12,JURONG WEST,3 ROOM,213,BOON LAY PL,04 TO 06,75.0,Improved,1974,47 years 11 months,352000.0,213 BOON LAY PL,640213,1.34945934187377,103.712840315508,2026-02-20
206970,2025-12,JURONG WEST,3 ROOM,208,BOON LAY PL,01 TO 03,65.0,Improved,1976,50 years,330000.0,208 BOON LAY PL,640208,1.34700367367083,103.714216413585,2026-02-20
206898,2025-12,JURONG WEST,3 ROOM,186,BOON LAY AVE,04 TO 06,59.0,Improved,1975,48 years 11 months,308000.0,186 BOON LAY AVE,640186,1.34572728320792,103.711027373165,2026-02-20
206562,2025-12,JURONG EAST,4 ROOM,204,JURONG EAST ST 21,04 TO 06,98.0,New Generation,1983,56 years 03 months,510000.0,204 JURONG EAST ST 21,600204,1.3371914743342,103.741941852951,2026-02-20
206561,2025-12,JURONG EAST,4 ROOM,288A,JURONG EAST ST 21,13 TO 15,104.0,Model A,2000,73 years 08 months,710000.0,288A JURONG EAST ST 21,601288,1.33878459340356,103.74330117319,2026-02-20
206531,2025-12,JURONG EAST,4 ROOM,329,JURONG EAST AVE 1,01 TO 03,104.0,Model A,1983,56 years 07 months,530000.0,329 JURONG EAST AVE 1,600329,1.35013988623409,103.729936587391,2026-02-20
206193,2025-12,HOUGANG,5 ROOM,914,HOUGANG ST 91,13 TO 15,121.0,Improved,1998,71 years 03 months,808000.0,914 HOUGANG ST 91,530914,1.37753160372111,103.884018612884,2026-02-20
206265,2025-12,HOUGANG,EXECUTIVE,533,HOUGANG AVE 6,07 TO 09,145.0,Maisonette,1988,61 years 05 months,1050000.0,533 HOUGANG AVE 6,530533,1.37583341032049,103.891885076183,2026-02-20
206254,2025-12,HOUGANG,EXECUTIVE,578,HOUGANG AVE 4,10 TO 12,139.0,Maisonette,1997,70 years 11 months,958000.0,578 HOUGANG AVE 4,530578,1.37895270193836,103.885264327075,2026-02-20
206247,2025-12,HOUGANG,EXECUTIVE,449,HOUGANG AVE 10,01 TO 03,148.0,Maisonette,1991,64 years 02 months,970000.0,449 HOUGANG AVE 10,530449,1.37878098243894,103.895153601863,2026-02-20
206231,2025-12,HOUGANG,5 ROOM,473A,UPP SERANGOON CRES,10 TO 12,113.0,Improved,2017,90 years 06 months,845888.0,473A UPP SERANGOON CRES,531473,1.37682525094625,103.900641038235,2026-02-20
206230,2025-12,HOUGANG,5 ROOM,475B,UPP SERANGOON CRES,07 TO 09,109.0,DBSS,2014,87 years 11 months,940000.0,475B UPP SERANGOON CRES,532475,1.3757740461149,103.899965684738,2026-02-20
206202,2025-12,HOUGANG,5 ROOM,936,HOUGANG ST 92,10 TO 12,121.0,Improved,1998,71 years 03 months,790000.0,936 HOUGANG ST 92,530936,1.37457017021599,103.879877813491,2026-02-20
206192,2025-12,HOUGANG,5 ROOM,956,HOUGANG ST 91,10 TO 12,116.0,Improved,1999,72 years 06 months,790000.0,956 HOUGANG ST 91,530956,1.37662824467932,103.878798899667,2026-02-20
206525,2025-12,JURONG EAST,3 ROOM,23,TEBAN GDNS RD,10 TO 12,72.0,Model A,2013,86 years 10 months,480000.0,23 TEBAN GDNS RD,600023,1.32285773181424,103.73923873397,2026-02-20
206168,2025-12,HOUGANG,5 ROOM,699,HOUGANG ST 52,16 TO 18,120.0,Improved,1999,72 years 03 months,830000.0,699 HOUGANG ST 52,530699,1.3759206561885,103.889190256015,2026-02-20
206161,2025-12,HOUGANG,5 ROOM,575,HOUGANG ST 51,13 TO 15,118.0,Improved,1997,70 years 03 months,730000.0,575 HOUGANG ST 51,530575,1.37793979527584,103.88697661055,2026-02-20
206136,2025-12,HOUGANG,5 ROOM,953,HOUGANG AVE 9,13 TO 15,121.0,Improved,1999,72 years 05 months,772888.0,953 HOUGANG AVE 9,530953,1.37602518905245,103.877538033383,2026-02-20
206123,2025-12,HOUGANG,5 ROOM,437,HOUGANG AVE 8,01 TO 03,123.0,Improved,1991,64 years 05 months,728000.0,437 HOUGANG AVE 8,530437,1.37720415098471,103.893277823347,2026-02-20
206093,2025-12,HOUGANG,5 ROOM,521,HOUGANG AVE 6,10 TO 12,121.0,Improved,1987,60 years 10 months,945000.0,521 HOUGANG AVE 6,530521,1.37339975662977,103.890974482659,2026-02-20
206092,2025-12,HOUGANG,5 ROOM,532,HOUGANG AVE 6,04 TO 06,121.0,Improved,1987,61 years,690000.0,532 HOUGANG AVE 6,530532,1.37606836468819,103.891125310985,2026-02-20
206266,2025-12,HOUGANG,EXECUTIVE,427,HOUGANG AVE 6,01 TO 03,145.0,Maisonette,1990,63 years 05 months,968000.0,427 HOUGANG AVE 6,530427,1.37447080577543,103.893091053432,2026-02-20
206300,2025-12,HOUGANG,EXECUTIVE,221,HOUGANG ST 21,04 TO 06,148.0,Maisonette,1992,65 years 11 months,1450000.0,221 HOUGANG ST 21,530221,1.35660452934466,103.883650622241,2026-02-20
206310,2025-12,HOUGANG,EXECUTIVE,562,HOUGANG ST 51,01 TO 03,150.0,Maisonette,1992,65 years 10 months,1055888.0,562 HOUGANG ST 51,530562,1.38093220261348,103.889121423349,2026-02-20
206320,2025-12,HOUGANG,EXECUTIVE,975,HOUGANG ST 91,07 TO 09,137.0,Apartment,1999,73 years,888888.0,975 HOUGANG ST 91,530975,1.37715967450289,103.879679968404,2026-02-20
206323,2025-12,HOUGANG,EXECUTIVE,940,HOUGANG ST 92,10 TO 12,141.0,Apartment,1998,71 years 03 months,930000.0,940 HOUGANG ST 92,530940,1.37348307053932,103.879777763575,2026-02-20
206343,2025-12,JURONG EAST,2 ROOM,23,TEBAN GDNS RD,13 TO 15,47.0,Model A,2013,86 years 10 months,368888.0,23 TEBAN GDNS RD,600023,1.32285773181424,103.73923873397,2026-02-20
206358,2025-12,JURONG EAST,3 ROOM,330,JURONG EAST AVE 1,13 TO 15,74.0,Model A,1983,56 years 06 months,410000.0,330 JURONG EAST AVE 1,600330,1.35055495259482,103.73002911041,2026-02-20
206369,2025-12,JURONG EAST,3 ROOM,115,JURONG EAST ST 13,01 TO 03,67.0,New Generation,1981,54 years 06 months,405000.0,115 JURONG EAST ST 13,600115,1.33979148822906,103.735502765561,2026-02-20
206370,2025-12,JURONG EAST,3 ROOM,114,JURONG EAST ST 13,04 TO 06,84.0,New Generation,1982,55 years 11 months,480000.0,114 JURONG EAST ST 13,600114,1.33923166301632,103.734632045186,2026-02-20
206406,2025-12,JURONG EAST,3 ROOM,211,JURONG EAST ST 21,04 TO 06,67.0,New Generation,1983,56 years 05 months,426000.0,211 JURONG EAST ST 21,600211,1.33866911059386,103.740292528065,2026-02-20
206435,2025-12,JURONG EAST,3 ROOM,247,JURONG EAST ST 24,10 TO 12,68.0,New Generation,1983,56 years 07 months,400000.0,247 JURONG EAST ST 24,600247,1.34202424550408,103.739009746539,2026-02-20
206436,2025-12,JURONG EAST,3 ROOM,257,JURONG EAST ST 24,07 TO 09,68.0,New Generation,1983,56 years 02 months,419000.0,257 JURONG EAST ST 24,600257,1.34451804267549,103.738630332612,2026-02-20
206437,2025-12,JURONG EAST,3 ROOM,264,JURONG EAST ST 24,07 TO 09,68.0,New Generation,1983,56 years 04 months,390000.0,264 JURONG EAST ST 24,600264,1.34382869717494,103.741654163177,2026-02-20
206438,2025-12,JURONG EAST,3 ROOM,252,JURONG EAST ST 24,04 TO 06,67.0,New Generation,1985,58 years 06 months,400000.0,252 JURONG EAST ST 24,600252,1.34302644263059,103.7381452862,2026-02-20
206470,2025-12,JURONG EAST,3 ROOM,304,JURONG EAST ST 32,07 TO 09,67.0,New Generation,1983,56 years 11 months,392000.0,304 JURONG EAST ST 32,600304,1.3451446878869,103.734750459542,2026-02-20
206523,2025-12,JURONG EAST,3 ROOM,34,TEBAN GDNS RD,01 TO 03,77.0,Improved,1977,50 years 07 months,337000.0,34 TEBAN GDNS RD,600034,1.31987963533782,103.741754021124,2026-02-20
206524,2025-12,JURONG EAST,3 ROOM,35,TEBAN GDNS RD,01 TO 03,77.0,Improved,1977,50 years 06 months,370000.0,35 TEBAN GDNS RD,600035,1.31955255991308,103.742644766325,2026-02-20
207133,2025-12,JURONG WEST,3 ROOM,536,JURONG WEST ST 52,01 TO 03,67.0,New Generation,1983,56 years 10 months,375000.0,536 JURONG WEST ST 52,640536,1.34992094562962,103.716717859141,2026-02-20
206637,2025-12,JURONG EAST,4 ROOM,21,TEBAN GDNS RD,31 TO 33,87.0,Model A,2013,86 years 10 months,660000.0,21 TEBAN GDNS RD,600021,1.32368064923943,103.739156156511,2026-02-20
207135,2025-12,JURONG WEST,3 ROOM,520,JURONG WEST ST 52,07 TO 09,74.0,Model A,1984,57 years 08 months,400000.0,520 JURONG WEST ST 52,640520,1.34609883764925,103.717876373079,2026-02-20
207158,2025-12,JURONG WEST,3 ROOM,917,JURONG WEST ST 91,01 TO 03,73.0,Model A,1988,61 years 08 months,420000.0,917 JURONG WEST ST 91,640917,1.34034412790429,103.687842202472,2026-02-20
207252,2025-12,JURONG WEST,4 ROOM,197C,BOON LAY DR,10 TO 12,93.0,Model A,2015,88 years 05 months,678000.0,197C BOON LAY DR,643197,1.34340319524201,103.713686073692,2026-02-20
207253,2025-12,JURONG WEST,4 ROOM,180C,BOON LAY DR,04 TO 06,93.0,Model A,2014,87 years 06 months,580000.0,180C BOON LAY DR,643180,1.34842916785754,103.708720552283,2026-02-20
207197,2025-12,JURONG WEST,3 ROOM,122,YUAN CHING RD,07 TO 09,61.0,Improved,1974,47 years 07 months,335000.0,122 YUAN CHING RD,610122,1.33598546940987,103.72386599203,2026-02-20
207254,2025-12,JURONG WEST,4 ROOM,196B,BOON LAY DR,13 TO 15,93.0,Model A,2015,88 years 04 months,695000.0,196B BOON LAY DR,642196,1.34278860969526,103.714301445473,2026-02-20
207292,2025-12,JURONG WEST,4 ROOM,441,JURONG WEST AVE 1,07 TO 09,103.0,Model A,1984,57 years 09 months,530000.0,441 JURONG WEST AVE 1,640441,1.35132731535598,103.720383123794,2026-02-20
207196,2025-12,JURONG WEST,3 ROOM,121,YUAN CHING RD,01 TO 03,61.0,Improved,1974,47 years 07 months,290000.0,121 YUAN CHING RD,610121,1.33570402533121,103.724078165253,2026-02-20
207225,2025-12,JURONG WEST,4 ROOM,218A,BOON LAY AVE,07 TO 09,94.0,Model A,2018,91 years 08 months,630000.0,218A BOON LAY AVE,641218,1.34996858706692,103.710539626132,2026-02-20
207224,2025-12,JURONG WEST,4 ROOM,183B,BOON LAY AVE,10 TO 12,92.0,Model A,2015,88 years 02 months,650000.0,183B BOON LAY AVE,642183,1.34832613059279,103.709690144917,2026-02-20
207176,2025-12,JURONG WEST,3 ROOM,113,TAO CHING RD,01 TO 03,67.0,Improved,1971,44 years 08 months,335000.0,113 TAO CHING RD,610113,1.33318449829266,103.724354324887,2026-02-20
207293,2025-12,JURONG WEST,4 ROOM,537,JURONG WEST AVE 1,04 TO 06,103.0,Model A,1984,57 years 11 months,500000.0,537 JURONG WEST AVE 1,640537,1.3505040127211,103.716474864776,2026-02-20
207170,2025-12,JURONG WEST,3 ROOM,339C,KANG CHING RD,07 TO 09,67.0,Model A,2012,85 years 04 months,488888.0,339C KANG CHING RD,613339,1.33851437919815,103.721677989652,2026-02-20
207159,2025-12,JURONG WEST,3 ROOM,939,JURONG WEST ST 91,01 TO 03,73.0,Model A,1989,62 years 03 months,400000.0,939 JURONG WEST ST 91,640939,1.34295232797122,103.689028795017,2026-02-20
207136,2025-12,JURONG WEST,3 ROOM,511,JURONG WEST ST 52,07 TO 09,74.0,Model A,1984,57 years 04 months,450000.0,511 JURONG WEST ST 52,640511,1.34779267211314,103.71959110524,2026-02-20
199351,2025-12,BISHAN,4 ROOM,211,BISHAN ST 23,04 TO 06,118.0,Model A,1992,65 years 05 months,870000.0,211 BISHAN ST 23,570211,1.35615290745994,103.848976985255,2026-01-18
199350,2025-12,BISHAN,4 ROOM,206,BISHAN ST 23,07 TO 09,103.0,Model A,1992,65 years 05 months,825000.0,206 BISHAN ST 23,570206,1.35568127443062,103.847808322232,2026-01-18
221033,2025-12,YISHUN,4 ROOM,428B,YISHUN AVE 11,01 TO 03,92.0,Model A,2015,88 years 04 months,540000.0,428B YISHUN AVE 11,762428,1.42207815400064,103.847233385196,2026-01-18
199349,2025-12,BISHAN,4 ROOM,209,BISHAN ST 23,01 TO 03,117.0,Model A,1992,65 years 05 months,876888.0,209 BISHAN ST 23,570209,1.35554884726043,103.848541212741,2026-01-18
197962,2025-12,BEDOK,2 ROOM,114,BEDOK NTH ST 2,04 TO 06,44.0,Improved,1978,51 years 07 months,325000.0,114 BEDOK NTH ST 2,460114,1.33050521254379,103.93581688525,2026-01-18
199377,2025-12,BISHAN,4 ROOM,275A,BISHAN ST 24,13 TO 15,95.0,DBSS,2011,84 years 09 months,1010000.0,275A BISHAN ST 24,571275,1.35673539047075,103.843519752733,2026-01-18
199378,2025-12,BISHAN,4 ROOM,265,BISHAN ST 24,01 TO 03,102.0,Model A,1992,65 years 08 months,730000.0,265 BISHAN ST 24,570265,1.35831237987584,103.842088235009,2026-01-18
199388,2025-12,BISHAN,4 ROOM,305,SHUNFU RD,07 TO 09,92.0,New Generation,1985,58 years 02 months,770000.0,305 SHUNFU RD,570305,1.35011506071478,103.838727571988,2026-01-18
199447,2025-12,BISHAN,5 ROOM,192,BISHAN ST 13,13 TO 15,120.0,Improved,1987,60 years 09 months,1100000.0,192 BISHAN ST 13,570192,1.34897431725156,103.851306462341,2026-01-18
221034,2025-12,YISHUN,4 ROOM,348A,YISHUN AVE 11,07 TO 09,92.0,DBSS,2013,86 years 10 months,763000.0,348A YISHUN AVE 11,761348,1.42735308102406,103.84121918037,2026-01-18
197195,2025-12,ANG MO KIO,3 ROOM,557,ANG MO KIO AVE 10,10 TO 12,68.0,New Generation,1980,53 years 02 months,417000.0,557 ANG MO KIO AVE 10,560557,1.3716257020332,103.857736107527,2026-01-18
221983,2025-12,YISHUN,5 ROOM,644,YISHUN ST 61,04 TO 06,121.0,Improved,1988,61 years 07 months,685000.0,644 YISHUN ST 61,760644,1.42170773456657,103.837474519148,2026-01-18
199421,2025-12,BISHAN,5 ROOM,103,BISHAN ST 12,04 TO 06,121.0,Improved,1986,60 years,878000.0,103 BISHAN ST 12,570103,1.34551249132105,103.848314162387,2026-01-18
197986,2025-12,BEDOK,3 ROOM,221C,BEDOK CTRL,10 TO 12,69.0,Model A,2010,83 years 07 months,705000.0,221C BEDOK CTRL,463221,1.32499916612366,103.934234380089,2026-01-18
199455,2025-12,BISHAN,5 ROOM,242,BISHAN ST 22,01 TO 03,121.0,Improved,1992,65 years 09 months,1050000.0,242 BISHAN ST 22,570242,1.36134172851942,103.844874736551,2026-01-18
221035,2025-12,YISHUN,4 ROOM,423,YISHUN AVE 11,07 TO 09,104.0,Model A,1988,61 years 09 months,550000.0,423 YISHUN AVE 11,760423,1.42284296540435,103.848313795012,2026-01-18
199481,2025-12,BISHAN,5 ROOM,288,BISHAN ST 24,16 TO 18,123.0,Premium Apartment,1998,71 years 07 months,1138000.0,288 BISHAN ST 24,570288,1.35692385325352,103.845156525793,2026-01-18
197939,2025-12,ANG MO KIO,5 ROOM,588B,ANG MO KIO ST 52,28 TO 30,112.0,DBSS,2011,84 years 10 months,1300000.0,588B ANG MO KIO ST 52,562588,1.37197571261128,103.853150894936,2026-01-18
197908,2025-12,ANG MO KIO,5 ROOM,351,ANG MO KIO ST 32,13 TO 15,110.0,Improved,2001,74 years 09 months,988000.0,351 ANG MO KIO ST 32,560351,1.36432366673955,103.850307632579,2026-01-18
199482,2025-12,BISHAN,5 ROOM,291,BISHAN ST 24,07 TO 09,123.0,Premium Apartment,1998,71 years 07 months,980000.0,291 BISHAN ST 24,570291,1.35591015038813,103.845158434779,2026-01-18
197907,2025-12,ANG MO KIO,5 ROOM,350,ANG MO KIO ST 32,07 TO 09,110.0,Improved,2001,75 years 01 month,940000.0,350 ANG MO KIO ST 32,560350,1.36371311763063,103.850044231877,2026-01-18
199499,2025-12,BISHAN,5 ROOM,455,SIN MING AVE,10 TO 12,122.0,Improved,1990,63 years 02 months,970000.0,455 SIN MING AVE,570455,1.35872842612016,103.830642754421,2026-01-18
199325,2025-12,BISHAN,4 ROOM,246,BISHAN ST 22,04 TO 06,103.0,Model A,1992,65 years 09 months,830000.0,246 BISHAN ST 22,570246,1.36067416170778,103.843353629778,2026-01-18
199273,2025-12,BISHAN,4 ROOM,127,BISHAN ST 12,10 TO 12,84.0,Simplified,1986,60 years 01 month,650000.0,127 BISHAN ST 12,570127,1.34607589409488,103.851694780512,2026-01-18
197987,2025-12,BEDOK,3 ROOM,220A,BEDOK CTRL,07 TO 09,62.0,Model A,2010,83 years 06 months,680000.0,220A BEDOK CTRL,461220,1.32569266983592,103.934602365058,2026-01-18
199275,2025-12,BISHAN,4 ROOM,124,BISHAN ST 12,10 TO 12,84.0,Simplified,1987,60 years 06 months,675000.0,124 BISHAN ST 12,570124,1.34647605091488,103.85127373178,2026-01-18
198103,2025-12,BEDOK,3 ROOM,430A,BEDOK NTH RD,13 TO 15,69.0,Model A,2021,94 years 06 months,730000.0,430A BEDOK NTH RD,461430,1.32970000498861,103.932990995274,2026-01-18
199133,2025-12,BEDOK,EXECUTIVE,633,BEDOK RESERVOIR RD,01 TO 03,142.0,Apartment,1993,66 years 06 months,880000.0,633 BEDOK RESERVOIR RD,410633,1.33038893767295,103.905220931674,2026-01-18
199134,2025-12,BEDOK,EXECUTIVE,640,BEDOK RESERVOIR RD,04 TO 06,145.0,Apartment,1993,67 years 01 month,965000.0,640 BEDOK RESERVOIR RD,410640,1.33210132151895,103.904953194958,2026-01-18
199135,2025-12,BEDOK,EXECUTIVE,115,BEDOK RESERVOIR RD,04 TO 06,150.0,Maisonette,1985,58 years 10 months,970000.0,115 BEDOK RESERVOIR RD,470115,1.33067394377665,103.908738351193,2026-01-18
198102,2025-12,BEDOK,3 ROOM,74,BEDOK NTH RD,10 TO 12,59.0,Improved,1978,51 years 02 months,400000.0,74 BEDOK NTH RD,460074,1.32751177120151,103.942220384041,2026-01-18
199139,2025-12,BEDOK,EXECUTIVE,10B,BEDOK STH AVE 2,04 TO 06,145.0,Apartment,1995,69 years 01 month,1000000.0,10B BEDOK STH AVE 2,461010,1.32235386630343,103.936183263112,2026-01-18
197392,2025-12,ANG MO KIO,3 ROOM,117,ANG MO KIO AVE 4,10 TO 12,74.0,New Generation,1978,51 years 06 months,475000.0,117 ANG MO KIO AVE 4,560117,1.3737170825368,103.835610469339,2026-01-18
199153,2025-12,BEDOK,EXECUTIVE,662,JLN DAMAI,04 TO 06,145.0,Apartment,1996,70 years 01 month,970000.0,662 JLN DAMAI,410662,1.33465458085889,103.908221555514,2026-01-18
199154,2025-12,BEDOK,EXECUTIVE,663,JLN DAMAI,01 TO 03,142.0,Apartment,1996,69 years 10 months,930000.0,663 JLN DAMAI,410663,1.33475931734523,103.908709087727,2026-01-18
197316,2025-12,ANG MO KIO,3 ROOM,584,ANG MO KIO AVE 3,04 TO 06,82.0,New Generation,1979,52 years 07 months,460000.0,584 ANG MO KIO AVE 3,560584,1.37071307985916,103.853497803014,2026-01-18
199162,2025-12,BEDOK,EXECUTIVE,106,LENGKONG TIGA,01 TO 03,146.0,Maisonette,1989,62 years 05 months,1200000.0,106 LENGKONG TIGA,410106,1.32508845931345,103.91000876961,2026-01-18
197314,2025-12,ANG MO KIO,3 ROOM,119,ANG MO KIO AVE 3,10 TO 12,67.0,New Generation,1978,51 years 11 months,438888.0,119 ANG MO KIO AVE 3,560119,1.36956344301912,103.844698910817,2026-01-18
198101,2025-12,BEDOK,3 ROOM,77,BEDOK NTH RD,07 TO 09,60.0,Improved,1986,59 years 05 months,390000.0,77 BEDOK NTH RD,460077,1.32869611162886,103.941995599533,2026-01-18
198042,2025-12,BEDOK,3 ROOM,100,BEDOK NTH AVE 4,10 TO 12,67.0,New Generation,1978,52 years,403000.0,100 BEDOK NTH AVE 4,460100,1.33413899974038,103.938389713003,2026-01-18
198041,2025-12,BEDOK,3 ROOM,104,BEDOK NTH AVE 4,07 TO 09,81.0,New Generation,1977,50 years 08 months,515888.0,104 BEDOK NTH AVE 4,460104,1.3332985212474,103.936601473643,2026-01-18
198040,2025-12,BEDOK,3 ROOM,100,BEDOK NTH AVE 4,01 TO 03,67.0,New Generation,1978,52 years,370000.0,100 BEDOK NTH AVE 4,460100,1.33413899974038,103.938389713003,2026-01-18
199176,2025-12,BISHAN,3 ROOM,115,BISHAN ST 12,01 TO 03,64.0,Simplified,1986,59 years 02 months,540000.0,115 BISHAN ST 12,570115,1.34791838898824,103.84875012549,2026-01-18
198020,2025-12,BEDOK,3 ROOM,412,BEDOK NTH AVE 2,04 TO 06,67.0,New Generation,1979,52 years 06 months,440000.0,412 BEDOK NTH AVE 2,460412,1.32929126082802,103.931090689284,2026-01-18
198014,2025-12,BEDOK,3 ROOM,520,BEDOK NTH AVE 1,10 TO 12,67.0,New Generation,1979,52 years 08 months,415000.0,520 BEDOK NTH AVE 1,460520,1.33046461779259,103.92813426172,2026-01-18
198013,2025-12,BEDOK,3 ROOM,521,BEDOK NTH AVE 1,01 TO 03,67.0,New Generation,1979,52 years 08 months,375000.0,521 BEDOK NTH AVE 1,460521,1.33025307073546,103.927058345096,2026-01-18
197201,2025-12,ANG MO KIO,3 ROOM,560,ANG MO KIO AVE 10,07 TO 09,67.0,New Generation,1980,53 years 03 months,405000.0,560 ANG MO KIO AVE 10,560560,1.37081626777721,103.859192334256,2026-01-18
199192,2025-12,BISHAN,3 ROOM,176,BISHAN ST 13,04 TO 06,64.0,Simplified,1988,61 years 05 months,570000.0,176 BISHAN ST 13,570176,1.34814264813403,103.853911806894,2026-01-18
199215,2025-12,BISHAN,3 ROOM,406,SIN MING AVE,10 TO 12,64.0,Simplified,1987,60 years 05 months,580000.0,406 SIN MING AVE,570406,1.36294455374689,103.834093500169,2026-01-18
199223,2025-12,BISHAN,3 ROOM,23,SIN MING RD,04 TO 06,65.0,Improved,1973,46 years 11 months,368000.0,23 SIN MING RD,570023,1.3543527093097,103.835823721667,2026-01-18
197200,2025-12,ANG MO KIO,3 ROOM,417,ANG MO KIO AVE 10,10 TO 12,74.0,New Generation,1979,52 years 09 months,485000.0,417 ANG MO KIO AVE 10,560417,1.36495953274783,103.855197097728,2026-01-18
199271,2025-12,BISHAN,4 ROOM,115,BISHAN ST 12,01 TO 03,104.0,Model A,1986,59 years 02 months,825000.0,115 BISHAN ST 12,570115,1.34791838898824,103.84875012549,2026-01-18
197198,2025-12,ANG MO KIO,3 ROOM,444,ANG MO KIO AVE 10,04 TO 06,67.0,New Generation,1979,52 years 09 months,415000.0,444 ANG MO KIO AVE 10,560444,1.36660045321147,103.855578790668,2026-01-18
199272,2025-12,BISHAN,4 ROOM,124,BISHAN ST 12,07 TO 09,83.0,Simplified,1987,60 years 07 months,720000.0,124 BISHAN ST 12,570124,1.34647605091488,103.85127373178,2026-01-18
197052,2025-12,ANG MO KIO,3 ROOM,332,ANG MO KIO AVE 1,07 TO 09,68.0,New Generation,1981,54 years 02 months,425000.0,332 ANG MO KIO AVE 1,560332,1.36167030761833,103.851955453764,2026-01-18
199509,2025-12,BISHAN,EXECUTIVE,160,BISHAN ST 13,01 TO 03,144.0,Maisonette,1987,60 years 08 months,1250000.0,160 BISHAN ST 13,570160,1.34692766254311,103.856353905694,2026-01-18
197906,2025-12,ANG MO KIO,5 ROOM,353,ANG MO KIO ST 32,16 TO 18,110.0,Improved,2001,74 years 10 months,1000800.0,353 ANG MO KIO ST 32,560353,1.36406807879641,103.851612284582,2026-01-18
199518,2025-12,BISHAN,EXECUTIVE,261,BISHAN ST 22,01 TO 03,149.0,Maisonette,1992,65 years 09 months,1270000.0,261 BISHAN ST 22,570261,1.35898689332218,103.843324418377,2026-01-18
200063,2025-12,BUKIT BATOK,4 ROOM,210,BT BATOK ST 21,04 TO 06,104.0,Model A,1985,58 years 06 months,530000.0,210 BT BATOK ST 21,650210,1.34548008232168,103.74995609585,2026-01-18
199938,2025-12,BUKIT BATOK,3 ROOM,177,BT BATOK WEST AVE 8,07 TO 09,73.0,Model A,1985,58 years 02 months,390000.0,177 BT BATOK WEST AVE 8,650177,1.3463440745148,103.741742087315,2026-01-18
199939,2025-12,BUKIT BATOK,3 ROOM,176,BT BATOK WEST AVE 8,04 TO 06,73.0,Model A,1984,58 years 01 month,421800.0,176 BT BATOK WEST AVE 8,650176,1.34602341469707,103.741411023838,2026-01-18
199940,2025-12,BUKIT BATOK,3 ROOM,438C,BT BATOK WEST AVE 8,01 TO 03,68.0,Model A,2020,93 years 03 months,475000.0,438C BT BATOK WEST AVE 8,653438,1.35775731757846,103.739408616622,2026-01-18
199941,2025-12,BUKIT BATOK,3 ROOM,181,BT BATOK WEST AVE 8,01 TO 03,67.0,New Generation,1984,57 years 06 months,400000.0,181 BT BATOK WEST AVE 8,650181,1.34565932527612,103.743411633447,2026-01-18
199942,2025-12,BUKIT BATOK,3 ROOM,175,BT BATOK WEST AVE 8,04 TO 06,67.0,New Generation,1985,58 years 01 month,393000.0,175 BT BATOK WEST AVE 8,650175,1.34554897953938,103.741598629749,2026-01-18
199943,2025-12,BUKIT BATOK,3 ROOM,443D,BT BATOK WEST AVE 8,10 TO 12,67.0,Model A,2019,92 years 04 months,538888.0,443D BT BATOK WEST AVE 8,654443,1.35559341715517,103.737118247972,2026-01-18
199966,2025-12,BUKIT BATOK,4 ROOM,624,BT BATOK CTRL,07 TO 09,101.0,Model A,1997,70 years 07 months,655000.0,624 BT BATOK CTRL,650624,1.35134146122049,103.749508645854,2026-01-18
199975,2025-12,BUKIT BATOK,4 ROOM,283,BT BATOK EAST AVE 3,04 TO 06,83.0,Simplified,1988,61 years 04 months,490000.0,283 BT BATOK EAST AVE 3,650283,1.34694365753899,103.757539380939,2026-01-18
199989,2025-12,BUKIT BATOK,4 ROOM,256,BT BATOK EAST AVE 4,01 TO 03,93.0,New Generation,1985,58 years 09 months,485000.0,256 BT BATOK EAST AVE 4,650256,1.35085037929655,103.758378409026,2026-01-18
199990,2025-12,BUKIT BATOK,4 ROOM,262,BT BATOK EAST AVE 4,01 TO 03,93.0,New Generation,1985,58 years 10 months,440000.0,262 BT BATOK EAST AVE 4,650262,1.35062361485088,103.759330011217,2026-01-18
200002,2025-12,BUKIT BATOK,4 ROOM,249,BT BATOK EAST AVE 5,10 TO 12,103.0,Model A,1985,58 years 05 months,605000.0,249 BT BATOK EAST AVE 5,650249,1.35061655709758,103.756564159717,2026-01-18
200021,2025-12,BUKIT BATOK,4 ROOM,292B,BT BATOK EAST AVE 6,13 TO 15,93.0,Model A,2019,92 years 02 months,740000.0,292B BT BATOK EAST AVE 6,652292,1.34477953186313,103.753961675829,2026-01-18
200022,2025-12,BUKIT BATOK,4 ROOM,292B,BT BATOK EAST AVE 6,28 TO 30,93.0,Model A,2019,92 years 02 months,800000.0,292B BT BATOK EAST AVE 6,652292,1.34477953186313,103.753961675829,2026-01-18
200023,2025-12,BUKIT BATOK,4 ROOM,292B,BT BATOK EAST AVE 6,22 TO 24,93.0,Model A,2019,92 years 02 months,786000.0,292B BT BATOK EAST AVE 6,652292,1.34477953186313,103.753961675829,2026-01-18
200064,2025-12,BUKIT BATOK,4 ROOM,217,BT BATOK ST 21,10 TO 12,93.0,New Generation,1984,58 years 01 month,490000.0,217 BT BATOK ST 21,650217,1.34673392184416,103.754727840299,2026-01-18
199912,2025-12,BUKIT BATOK,3 ROOM,450D,BT BATOK WEST AVE 6,13 TO 15,67.0,Model A,2019,92 years 04 months,515000.0,450D BT BATOK WEST AVE 6,654450,1.35266810573153,103.74396208468,2026-01-18
200074,2025-12,BUKIT BATOK,4 ROOM,296A,BT BATOK ST 22,16 TO 18,92.0,Premium Apartment,2018,91 years 04 months,818888.0,296A BT BATOK ST 22,651296,1.34409358218354,103.746409176377,2026-01-18
200075,2025-12,BUKIT BATOK,4 ROOM,296C,BT BATOK ST 22,10 TO 12,92.0,Premium Apartment,2018,91 years 04 months,770000.0,296C BT BATOK ST 22,653296,1.34369796674692,103.748158134407,2026-01-18
200076,2025-12,BUKIT BATOK,4 ROOM,297,BT BATOK ST 22,07 TO 09,101.0,Model A,1997,70 years 08 months,630000.0,297 BT BATOK ST 22,650297,1.34504066504232,103.747389472119,2026-01-18
200091,2025-12,BUKIT BATOK,4 ROOM,290E,BT BATOK ST 24,16 TO 18,103.0,Model A,1997,71 years 01 month,625000.0,290E BT BATOK ST 24,654290,1.34389104771025,103.757689179709,2026-01-18
200121,2025-12,BUKIT BATOK,4 ROOM,369,BT BATOK ST 31,07 TO 09,84.0,Simplified,1985,59 years 01 month,540000.0,369 BT BATOK ST 31,650369,1.36002945983661,103.751072294962,2026-01-18
200138,2025-12,BUKIT BATOK,4 ROOM,315,BT BATOK ST 32,07 TO 09,84.0,Simplified,1986,59 years 11 months,485000.0,315 BT BATOK ST 32,650315,1.36009637574567,103.746560963113,2026-01-18
200161,2025-12,BUKIT BATOK,4 ROOM,340,BT BATOK ST 34,01 TO 03,103.0,Model A,1987,60 years 07 months,530000.0,340 BT BATOK ST 34,650340,1.36314201237933,103.749541119795,2026-01-18
200185,2025-12,BUKIT BATOK,4 ROOM,463A,BT BATOK ST 41,16 TO 18,93.0,Model A,2021,94 years 08 months,720000.0,463A BT BATOK ST 41,651463,1.35633162419305,103.742194589628,2026-01-18
200198,2025-12,BUKIT BATOK,4 ROOM,501,BT BATOK ST 52,07 TO 09,89.0,Simplified,1986,60 years 01 month,508000.0,501 BT BATOK ST 52,650501,1.35149319356169,103.754998121996,2026-01-18
200199,2025-12,BUKIT BATOK,4 ROOM,503,BT BATOK ST 52,01 TO 03,89.0,Simplified,1987,60 years 08 months,478000.0,503 BT BATOK ST 52,650503,1.35144149324876,103.753696666741,2026-01-18
200205,2025-12,BUKIT BATOK,4 ROOM,420,BT BATOK WEST AVE 2,07 TO 09,94.0,New Generation,1988,61 years 06 months,510000.0,420 BT BATOK WEST AVE 2,650420,1.36255043035847,103.745770795352,2026-01-18
200253,2025-12,BUKIT BATOK,4 ROOM,436A,BT BATOK WEST AVE 5,04 TO 06,93.0,Model A,2020,93 years 03 months,631000.0,436A BT BATOK WEST AVE 5,651436,1.35912883183507,103.739978327829,2026-01-18
200255,2025-12,BUKIT BATOK,4 ROOM,393,BT BATOK WEST AVE 5,01 TO 03,92.0,Model A,2004,77 years 10 months,550000.0,393 BT BATOK WEST AVE 5,650393,1.36649328120419,103.753112569115,2026-01-18
200316,2025-12,BUKIT BATOK,4 ROOM,119,BT BATOK WEST AVE 6,07 TO 09,103.0,Model A,1984,57 years 07 months,583888.0,119 BT BATOK WEST AVE 6,650119,1.35042197746912,103.746803582857,2026-01-18
199913,2025-12,BUKIT BATOK,3 ROOM,136,BT BATOK WEST AVE 6,10 TO 12,68.0,New Generation,1984,57 years 11 months,408000.0,136 BT BATOK WEST AVE 6,650136,1.35090042870513,103.74485764967,2026-01-18
199911,2025-12,BUKIT BATOK,3 ROOM,129,BT BATOK WEST AVE 6,07 TO 09,73.0,Model A,1984,57 years 11 months,428000.0,129 BT BATOK WEST AVE 6,650129,1.35142975219106,103.746030739669,2026-01-18
199132,2025-12,BEDOK,EXECUTIVE,114,BEDOK RESERVOIR RD,10 TO 12,150.0,Maisonette,1985,59 years,1100000.0,114 BEDOK RESERVOIR RD,470114,1.33056065989658,103.909838947885,2026-01-18
199616,2025-12,BUKIT BATOK,2 ROOM,448B,BT BATOK WEST AVE 9,19 TO 21,38.0,Model A,2019,92 years 04 months,335000.0,448B BT BATOK WEST AVE 9,652448,1.35314900034194,103.740846555722,2026-01-18
197903,2025-12,ANG MO KIO,5 ROOM,309A,ANG MO KIO ST 31,13 TO 15,110.0,Improved,2006,79 years 05 months,1100000.0,309A ANG MO KIO ST 31,562309,1.36502933267756,103.845300649183,2026-01-18
197893,2025-12,ANG MO KIO,5 ROOM,253,ANG MO KIO ST 21,07 TO 09,128.0,Improved,1996,69 years 05 months,935888.0,253 ANG MO KIO ST 21,560253,1.3694605445784,103.834659046016,2026-01-18
199531,2025-12,BISHAN,EXECUTIVE,212,BISHAN ST 23,04 TO 06,149.0,Maisonette,1992,65 years 06 months,1200000.0,212 BISHAN ST 23,570212,1.35627246709414,103.848249854181,2026-01-18
199532,2025-12,BISHAN,EXECUTIVE,212,BISHAN ST 23,07 TO 09,149.0,Maisonette,1992,65 years 05 months,1298000.0,212 BISHAN ST 23,570212,1.35627246709414,103.848249854181,2026-01-18
197868,2025-12,ANG MO KIO,5 ROOM,176,ANG MO KIO AVE 4,10 TO 12,119.0,Improved,1993,66 years 05 months,938000.0,176 ANG MO KIO AVE 4,560176,1.3758482258358,103.83615719919,2026-01-18
218916,2025-12,WOODLANDS,4 ROOM,127,MARSILING RISE,01 TO 03,97.0,New Generation,1985,58 years 04 months,500000.0,127 MARSILING RISE,730127,1.43811941766036,103.779464277078,2026-01-18
218909,2025-12,WOODLANDS,4 ROOM,12B,MARSILING LANE,22 TO 24,95.0,Model A,2013,86 years 07 months,635000.0,12B MARSILING LANE,732012,1.44108596725738,103.778120234676,2026-01-18
197867,2025-12,ANG MO KIO,5 ROOM,617,ANG MO KIO AVE 4,01 TO 03,133.0,Model A,1996,69 years 07 months,780000.0,617 ANG MO KIO AVE 4,560617,1.37751709681128,103.838053184066,2026-01-18
218908,2025-12,WOODLANDS,4 ROOM,12A,MARSILING LANE,22 TO 24,94.0,Model A,2013,86 years 07 months,615000.0,12A MARSILING LANE,731012,1.44131726915198,103.778405129794,2026-01-18
218907,2025-12,WOODLANDS,4 ROOM,12C,MARSILING LANE,07 TO 09,93.0,Model A,2013,86 years 07 months,570000.0,12C MARSILING LANE,733012,1.44108587711762,103.777781234398,2026-01-18
199541,2025-12,BUKIT BATOK,2 ROOM,292A,BT BATOK EAST AVE 6,07 TO 09,47.0,Model A,2019,92 years 02 months,375000.0,292A BT BATOK EAST AVE 6,651292,1.34472844593551,103.754607613565,2026-01-18
199553,2025-12,BUKIT BATOK,2 ROOM,436A,BT BATOK WEST AVE 5,13 TO 15,47.0,2-room,2020,93 years 03 months,385000.0,436A BT BATOK WEST AVE 5,651436,1.35912883183507,103.739978327829,2026-01-18
199593,2025-12,BUKIT BATOK,2 ROOM,464B,BT BATOK WEST AVE 8,01 TO 03,47.0,2-room,2021,94 years 08 months,370000.0,464B BT BATOK WEST AVE 8,652464,1.3579967815657,103.742102165928,2026-01-18
199615,2025-12,BUKIT BATOK,2 ROOM,468B,BT BATOK WEST AVE 9,16 TO 18,47.0,2-room,2021,94 years 08 months,390000.0,468B BT BATOK WEST AVE 9,652468,1.35686958198537,103.743161006143,2026-01-18
199617,2025-12,BUKIT BATOK,2 ROOM,460C,BT BATOK WEST AVE 9,10 TO 12,48.0,2-room,2020,93 years 06 months,392000.0,460C BT BATOK WEST AVE 9,653460,1.35332661921436,103.739335851293,2026-01-18
199850,2025-12,BUKIT BATOK,3 ROOM,414,BT BATOK WEST AVE 4,07 TO 09,73.0,Model A,1987,60 years 10 months,430000.0,414 BT BATOK WEST AVE 4,650414,1.36357610603461,103.74597741135,2026-01-18
199623,2025-12,BUKIT BATOK,3 ROOM,225,BT BATOK CTRL,04 TO 06,67.0,New Generation,1985,58 years 09 months,425000.0,225 BT BATOK CTRL,650225,1.34849607451431,103.752607744553,2026-01-18
199724,2025-12,BUKIT BATOK,3 ROOM,215,BT BATOK ST 21,07 TO 09,67.0,New Generation,1984,58 years,418000.0,215 BT BATOK ST 21,650215,1.34677496983575,103.753335935038,2026-01-18
199725,2025-12,BUKIT BATOK,3 ROOM,206,BT BATOK ST 21,07 TO 09,73.0,Model A,1983,57 years,460000.0,206 BT BATOK ST 21,650206,1.34667192602747,103.749383473832,2026-01-18
218743,2025-12,WOODLANDS,3 ROOM,180A,MARSILING RD,13 TO 15,66.0,Model A,2015,88 years 08 months,510000.0,180A MARSILING RD,731180,1.43904320861563,103.778109726656,2026-01-18
199726,2025-12,BUKIT BATOK,3 ROOM,206,BT BATOK ST 21,04 TO 06,73.0,Model A,1983,57 years,450000.0,206 BT BATOK ST 21,650206,1.34667192602747,103.749383473832,2026-01-18
199727,2025-12,BUKIT BATOK,3 ROOM,213,BT BATOK ST 21,10 TO 12,67.0,New Generation,1984,58 years 01 month,410000.0,213 BT BATOK ST 21,650213,1.34681845451426,103.752496875347,2026-01-18
199746,2025-12,BUKIT BATOK,3 ROOM,304,BT BATOK ST 31,07 TO 09,68.0,New Generation,1985,58 years 07 months,420000.0,304 BT BATOK ST 31,650304,1.357471521421,103.747948828709,2026-01-18
199747,2025-12,BUKIT BATOK,3 ROOM,359,BT BATOK ST 31,01 TO 03,64.0,Simplified,1988,61 years 07 months,385000.0,359 BT BATOK ST 31,650359,1.36134370379955,103.75123068355,2026-01-18
199782,2025-12,BUKIT BATOK,3 ROOM,339,BT BATOK ST 34,07 TO 09,73.0,Model A,1987,60 years 10 months,425000.0,339 BT BATOK ST 34,650339,1.36319798587253,103.75080463345,2026-01-18
199792,2025-12,BUKIT BATOK,3 ROOM,528,BT BATOK ST 51,10 TO 12,60.0,Improved,1987,60 years 08 months,410000.0,528 BT BATOK ST 51,650528,1.35665146828264,103.751091825657,2026-01-18
199820,2025-12,BUKIT BATOK,3 ROOM,505,BT BATOK ST 52,07 TO 09,69.0,Improved,1988,61 years 03 months,423088.0,505 BT BATOK ST 52,650505,1.35191995209035,103.753670851157,2026-01-18
199821,2025-12,BUKIT BATOK,3 ROOM,504,BT BATOK ST 52,07 TO 09,60.0,Improved,1988,61 years 03 months,380000.0,504 BT BATOK ST 52,650504,1.35196560331027,103.754983672501,2026-01-18
199822,2025-12,BUKIT BATOK,3 ROOM,504,BT BATOK ST 52,10 TO 12,60.0,Improved,1988,61 years 03 months,395000.0,504 BT BATOK ST 52,650504,1.35196560331027,103.754983672501,2026-01-18
218653,2025-12,WOODLANDS,2 ROOM,573B,WOODLANDS DR 16,04 TO 06,47.0,Model A,2018,91 years 07 months,380000.0,573B WOODLANDS DR 16,732573,1.43084072475669,103.797770248134,2026-01-18
198104,2025-12,BEDOK,3 ROOM,110,BEDOK NTH RD,07 TO 09,67.0,New Generation,1977,50 years 08 months,410000.0,110 BEDOK NTH RD,460110,1.33247206352435,103.934860475522,2026-01-18
199047,2025-12,BEDOK,5 ROOM,21,BEDOK STH RD,16 TO 18,117.0,Standard,1976,49 years 02 months,815000.0,21 BEDOK STH RD,460021,1.32014595403693,103.933163375784,2026-01-18
198131,2025-12,BEDOK,3 ROOM,213,BEDOK NTH ST 1,07 TO 09,68.0,New Generation,1980,53 years 03 months,477000.0,213 BEDOK NTH ST 1,460213,1.32635298072477,103.932637214105,2026-01-18
198677,2025-12,BEDOK,4 ROOM,91,BEDOK NTH ST 4,10 TO 12,91.0,New Generation,1978,51 years 07 months,500000.0,91 BEDOK NTH ST 4,460091,1.33254881363421,103.940369649715,2026-01-18
198616,2025-12,BEDOK,4 ROOM,112,BEDOK NTH RD,07 TO 09,91.0,New Generation,1978,51 years 07 months,525000.0,112 BEDOK NTH RD,460112,1.33104907831935,103.935538768198,2026-01-18
198617,2025-12,BEDOK,4 ROOM,431A,BEDOK NTH RD,10 TO 12,94.0,Model A,2021,94 years 07 months,960000.0,431A BEDOK NTH RD,461431,1.32905755230773,103.932883464646,2026-01-18
198344,2025-12,BEDOK,3 ROOM,742,BEDOK RESERVOIR RD,01 TO 03,67.0,New Generation,1986,59 years 08 months,428000.0,742 BEDOK RESERVOIR RD,470742,1.33808524960901,103.922090734567,2026-01-18
198342,2025-12,BEDOK,3 ROOM,139,BEDOK RESERVOIR RD,04 TO 06,64.0,Simplified,1988,61 years 05 months,450000.0,139 BEDOK RESERVOIR RD,470139,1.33462453350019,103.913777679684,2026-01-18
198341,2025-12,BEDOK,3 ROOM,703,BEDOK RESERVOIR RD,07 TO 09,82.0,New Generation,1980,54 years,480000.0,703 BEDOK RESERVOIR RD,470703,1.33716507441516,103.919893055357,2026-01-18
197712,2025-12,ANG MO KIO,4 ROOM,522,ANG MO KIO AVE 5,04 TO 06,92.0,New Generation,1980,53 years 09 months,565000.0,522 ANG MO KIO AVE 5,560522,1.37311591940692,103.851949371025,2026-01-18
197732,2025-12,ANG MO KIO,4 ROOM,700C,ANG MO KIO AVE 6,22 TO 24,85.0,Model A,2003,76 years 07 months,865000.0,700C ANG MO KIO AVE 6,563700,1.36944159368432,103.84648823913,2026-01-18
197613,2025-12,ANG MO KIO,4 ROOM,419,ANG MO KIO AVE 10,07 TO 09,99.0,New Generation,1979,52 years 09 months,565000.0,419 ANG MO KIO AVE 10,560419,1.36534669720177,103.85415182597,2026-01-18
198618,2025-12,BEDOK,4 ROOM,427,BEDOK NTH RD,07 TO 09,92.0,New Generation,1979,52 years 02 months,530000.0,427 BEDOK NTH RD,460427,1.32910888380153,103.92773420389,2026-01-18
198619,2025-12,BEDOK,4 ROOM,82,BEDOK NTH RD,01 TO 03,92.0,New Generation,1978,51 years 06 months,507000.0,82 BEDOK NTH RD,460082,1.32953680475668,103.940406562732,2026-01-18
198674,2025-12,BEDOK,4 ROOM,186B,BEDOK NTH ST 4,04 TO 06,93.0,Model A,2018,92 years 01 month,816888.0,186B BEDOK NTH ST 4,462186,1.33003736213542,103.940842245677,2026-01-18
198675,2025-12,BEDOK,4 ROOM,186A,BEDOK NTH ST 4,07 TO 09,93.0,Model A,2018,92 years 01 month,860000.0,186A BEDOK NTH ST 4,461186,1.32991427421905,103.940310513079,2026-01-18
198676,2025-12,BEDOK,4 ROOM,187A,BEDOK NTH ST 4,01 TO 03,93.0,Model A,2018,92 years 01 month,743888.0,187A BEDOK NTH ST 4,461187,1.33087094745916,103.940210775064,2026-01-18
197570,2025-12,ANG MO KIO,4 ROOM,310A,ANG MO KIO AVE 1,16 TO 18,94.0,Model A,2012,85 years 09 months,956000.0,310A ANG MO KIO AVE 1,561310,1.36481255187585,103.843844243986,2026-01-18
198799,2025-12,BEDOK,4 ROOM,765,BEDOK RESERVOIR VIEW,13 TO 15,105.0,Premium Apartment,2000,74 years 01 month,810888.0,765 BEDOK RESERVOIR VIEW,470765,1.33596106828604,103.935990113555,2026-01-18
197733,2025-12,ANG MO KIO,4 ROOM,124,ANG MO KIO AVE 6,04 TO 06,92.0,New Generation,1979,52 years 02 months,605000.0,124 ANG MO KIO AVE 6,560124,1.37089179310251,103.844768276408,2026-01-18
197752,2025-12,ANG MO KIO,4 ROOM,227A,ANG MO KIO ST 23,04 TO 06,93.0,Model A,2021,94 years 10 months,875000.0,227A ANG MO KIO ST 23,561227,1.36824620116561,103.840106392919,2026-01-18
198690,2025-12,BEDOK,4 ROOM,748B,BEDOK RESERVOIR CRES,07 TO 09,87.0,DBSS,2014,87 years 10 months,825000.0,748B BEDOK RESERVOIR CRES,472748,1.33629391354583,103.921242294579,2026-01-18
198765,2025-12,BEDOK,4 ROOM,723,BEDOK RESERVOIR RD,07 TO 09,103.0,Model A,1984,57 years 09 months,630000.0,723 BEDOK RESERVOIR RD,470723,1.33695439373089,103.928960561768,2026-01-18
198766,2025-12,BEDOK,4 ROOM,611,BEDOK RESERVOIR RD,07 TO 09,97.0,New Generation,1993,66 years 06 months,608000.0,611 BEDOK RESERVOIR RD,470611,1.33101555033747,103.915165583026,2026-01-18
198768,2025-12,BEDOK,4 ROOM,613B,BEDOK RESERVOIR RD,07 TO 09,102.0,Model A,1998,71 years 03 months,708000.0,613B BEDOK RESERVOIR RD,472613,1.3327873115852,103.918222316133,2026-01-18
198769,2025-12,BEDOK,4 ROOM,148,BEDOK RESERVOIR RD,04 TO 06,84.0,Simplified,1987,60 years 04 months,578888.0,148 BEDOK RESERVOIR RD,470148,1.33534088461813,103.91190498709,2026-01-18
197753,2025-12,ANG MO KIO,4 ROOM,227A,ANG MO KIO ST 23,25 TO 27,93.0,Model A,2021,94 years 09 months,1110000.0,227A ANG MO KIO ST 23,561227,1.36824620116561,103.840106392919,2026-01-18
221262,2025-12,YISHUN,4 ROOM,302,YISHUN CTRL,04 TO 06,108.0,Model A,1988,61 years 05 months,590000.0,302 YISHUN CTRL,760302,1.43003455434607,103.839674797958,2026-01-18
198276,2025-12,BEDOK,3 ROOM,188D,BEDOK NTH ST 4,16 TO 18,68.0,Model A,2020,93 years 01 month,690000.0,188D BEDOK NTH ST 4,464188,1.33168420406758,103.940493118435,2026-01-18
198770,2025-12,BEDOK,4 ROOM,720,BEDOK RESERVOIR RD,04 TO 06,104.0,Model A,1984,57 years 01 month,600000.0,720 BEDOK RESERVOIR RD,470720,1.33597277354753,103.924883020541,2026-01-18
197841,2025-12,ANG MO KIO,5 ROOM,539,ANG MO KIO AVE 10,07 TO 09,118.0,Improved,1980,53 years 03 months,690888.0,539 ANG MO KIO AVE 10,560539,1.37537429110231,103.854258752173,2026-01-18
198771,2025-12,BEDOK,4 ROOM,613B,BEDOK RESERVOIR RD,13 TO 15,102.0,Model A,1998,71 years 02 months,735000.0,613B BEDOK RESERVOIR RD,472613,1.3327873115852,103.918222316133,2026-01-18
200318,2025-12,BUKIT BATOK,4 ROOM,453B,BT BATOK WEST AVE 6,13 TO 15,93.0,Model A,2019,92 years 04 months,723000.0,453B BT BATOK WEST AVE 6,652453,1.35202191803833,103.742688635431,2026-01-18
197614,2025-12,ANG MO KIO,4 ROOM,575,ANG MO KIO AVE 10,07 TO 09,91.0,New Generation,1980,53 years 02 months,576000.0,575 ANG MO KIO AVE 10,560575,1.37138855070768,103.855953346739,2026-01-18
198615,2025-12,BEDOK,4 ROOM,429B,BEDOK NTH RD,01 TO 03,94.0,Model A,2021,94 years 06 months,815000.0,429B BEDOK NTH RD,462429,1.33017315645294,103.932561548319,2026-01-18
197615,2025-12,ANG MO KIO,4 ROOM,405,ANG MO KIO AVE 10,07 TO 09,92.0,New Generation,1979,52 years 06 months,520000.0,405 ANG MO KIO AVE 10,560405,1.36157912717139,103.853805386957,2026-01-18
197695,2025-12,ANG MO KIO,4 ROOM,177,ANG MO KIO AVE 4,01 TO 03,92.0,New Generation,1981,54 years 05 months,540000.0,177 ANG MO KIO AVE 4,560177,1.37583827139652,103.838123054825,2026-01-18
197694,2025-12,ANG MO KIO,4 ROOM,109,ANG MO KIO AVE 4,10 TO 12,92.0,New Generation,1978,51 years 09 months,585000.0,109 ANG MO KIO AVE 4,560109,1.3700965375834,103.837687766047,2026-01-18
197693,2025-12,ANG MO KIO,4 ROOM,109,ANG MO KIO AVE 4,07 TO 09,92.0,New Generation,1978,51 years 09 months,588000.0,109 ANG MO KIO AVE 4,560109,1.3700965375834,103.837687766047,2026-01-18
197664,2025-12,ANG MO KIO,4 ROOM,344,ANG MO KIO AVE 3,07 TO 09,98.0,New Generation,1978,51 years 04 months,670000.0,344 ANG MO KIO AVE 3,560344,1.36797705108684,103.849264839398,2026-01-18
198346,2025-12,BEDOK,3 ROOM,619,BEDOK RESERVOIR RD,01 TO 03,68.0,New Generation,1981,54 years 04 months,370000.0,619 BEDOK RESERVOIR RD,470619,1.33345012881091,103.917708768303,2026-01-18
198348,2025-12,BEDOK,3 ROOM,704,BEDOK RESERVOIR RD,04 TO 06,68.0,New Generation,1981,54 years 08 months,438000.0,704 BEDOK RESERVOIR RD,470704,1.33635490577951,103.920203566512,2026-01-18
198377,2025-12,BEDOK,3 ROOM,22,BEDOK STH AVE 1,07 TO 09,73.0,New Generation,1977,50 years 06 months,457000.0,22 BEDOK STH AVE 1,460022,1.3228317365472,103.932852166088,2026-01-18
198378,2025-12,BEDOK,3 ROOM,3,BEDOK STH AVE 1,10 TO 12,59.0,Improved,1976,49 years 02 months,410000.0,3 BEDOK STH AVE 1,460003,1.32191533930821,103.933180861675,2026-01-18
198392,2025-12,BEDOK,3 ROOM,18,BEDOK STH RD,13 TO 15,65.0,Improved,1976,49 years 02 months,420000.0,18 BEDOK STH RD,460018,1.32062504871279,103.934734222428,2026-01-18
220331,2025-12,WOODLANDS,EXECUTIVE,420,WOODLANDS ST 41,10 TO 12,177.0,Apartment,1995,68 years 10 months,1030000.0,420 WOODLANDS ST 41,730420,1.42814009724191,103.774574393421,2026-01-18
198401,2025-12,BEDOK,3 ROOM,37,CHAI CHEE AVE,04 TO 06,66.0,Improved,1983,56 years 05 months,420000.0,37 CHAI CHEE AVE,461037,1.32544200357037,103.926207634232,2026-01-18
198433,2025-12,BEDOK,3 ROOM,59,CHAI CHEE RD,01 TO 03,75.0,Model A,1984,57 years 02 months,436888.0,59 CHAI CHEE RD,460059,1.32488916644196,103.920246730461,2026-01-18
198434,2025-12,BEDOK,3 ROOM,21,CHAI CHEE RD,10 TO 12,75.0,Improved,1972,45 years 08 months,420000.0,21 CHAI CHEE RD,461021,1.32577850604228,103.922424710131,2026-01-18
198450,2025-12,BEDOK,3 ROOM,50,CHAI CHEE ST,01 TO 03,68.0,New Generation,1981,54 years 08 months,430000.0,50 CHAI CHEE ST,461050,1.32930431416537,103.922415807329,2026-01-18
198451,2025-12,BEDOK,3 ROOM,45,CHAI CHEE ST,04 TO 06,68.0,New Generation,1980,53 years 06 months,420000.0,45 CHAI CHEE ST,461045,1.32861957588571,103.924497070108,2026-01-18
198475,2025-12,BEDOK,3 ROOM,57,NEW UPP CHANGI RD,13 TO 15,68.0,Improved,1985,58 years 11 months,465000.0,57 NEW UPP CHANGI RD,461057,1.32424554153984,103.941568704132,2026-01-18
220263,2025-12,WOODLANDS,EXECUTIVE,509,WOODLANDS DR 14,07 TO 09,147.0,Premium Apartment,1999,72 years 03 months,900000.0,509 WOODLANDS DR 14,730509,1.43271971210005,103.789115611809,2026-01-18
198476,2025-12,BEDOK,3 ROOM,57,NEW UPP CHANGI RD,04 TO 06,60.0,Improved,1985,58 years 11 months,370000.0,57 NEW UPP CHANGI RD,461057,1.32424554153984,103.941568704132,2026-01-18
198477,2025-12,BEDOK,3 ROOM,30,NEW UPP CHANGI RD,10 TO 12,65.0,Improved,1977,50 years 06 months,370000.0,30 NEW UPP CHANGI RD,461030,1.32352678248226,103.936423896498,2026-01-18
198478,2025-12,BEDOK,3 ROOM,24,NEW UPP CHANGI RD,13 TO 15,73.0,New Generation,1978,51 years 09 months,488000.0,24 NEW UPP CHANGI RD,461024,1.32386400383727,103.933398625079,2026-01-18
198498,2025-12,BEDOK,4 ROOM,520,BEDOK NTH AVE 1,10 TO 12,92.0,New Generation,1979,52 years 08 months,525000.0,520 BEDOK NTH AVE 1,460520,1.33046461779259,103.92813426172,2026-01-18
197663,2025-12,ANG MO KIO,4 ROOM,423,ANG MO KIO AVE 3,04 TO 06,109.0,Model A,1993,66 years 04 months,780000.0,423 ANG MO KIO AVE 3,560423,1.36876058776016,103.851771128044,2026-01-18
198532,2025-12,BEDOK,4 ROOM,508,BEDOK NTH AVE 3,04 TO 06,92.0,New Generation,1978,52 years,525000.0,508 BEDOK NTH AVE 3,460508,1.33340012199511,103.932519441614,2026-01-18
198611,2025-12,BEDOK,4 ROOM,78,BEDOK NTH RD,04 TO 06,91.0,New Generation,1978,51 years 07 months,480000.0,78 BEDOK NTH RD,460078,1.32726007220341,103.940848770214,2026-01-18
198612,2025-12,BEDOK,4 ROOM,708,BEDOK NTH RD,01 TO 03,91.0,New Generation,1980,54 years,580000.0,708 BEDOK NTH RD,470708,1.33503645745879,103.919311961318,2026-01-18
198614,2025-12,BEDOK,4 ROOM,82,BEDOK NTH RD,04 TO 06,92.0,New Generation,1978,51 years 07 months,485000.0,82 BEDOK NTH RD,460082,1.32953680475668,103.940406562732,2026-01-18
197661,2025-12,ANG MO KIO,4 ROOM,313,ANG MO KIO AVE 3,04 TO 06,97.0,New Generation,1978,51 years 02 months,563000.0,313 ANG MO KIO AVE 3,560313,1.36664972640598,103.850133665442,2026-01-18
198772,2025-12,BEDOK,4 ROOM,147,BEDOK RESERVOIR RD,10 TO 12,84.0,Simplified,1987,60 years 02 months,588000.0,147 BEDOK RESERVOIR RD,470147,1.33488194247883,103.911778859623,2026-01-18
198801,2025-12,BEDOK,4 ROOM,771,BEDOK RESERVOIR VIEW,13 TO 15,105.0,Premium Apartment,2000,74 years 01 month,780000.0,771 BEDOK RESERVOIR VIEW,470771,1.33593406213274,103.938866262286,2026-01-18
199131,2025-12,BEDOK,EXECUTIVE,640,BEDOK RESERVOIR RD,04 TO 06,143.0,Apartment,1993,67 years 01 month,988000.0,640 BEDOK RESERVOIR RD,410640,1.33210132151895,103.904953194958,2026-01-18
197394,2025-12,ANG MO KIO,3 ROOM,156,ANG MO KIO AVE 4,01 TO 03,68.0,New Generation,1981,54 years 06 months,400888.0,156 ANG MO KIO AVE 4,560156,1.37549519574964,103.839947470774,2026-01-18
197465,2025-12,ANG MO KIO,3 ROOM,180,ANG MO KIO AVE 5,07 TO 09,82.0,New Generation,1981,54 years 05 months,525000.0,180 ANG MO KIO AVE 5,560180,1.37667706463381,103.838361037555,2026-01-18
198911,2025-12,BEDOK,4 ROOM,660,JLN TENAGA,07 TO 09,105.0,Model A,1997,70 years 02 months,720000.0,660 JLN TENAGA,410660,1.33439330245996,103.906741799858,2026-01-18
198912,2025-12,BEDOK,4 ROOM,659,JLN TENAGA,04 TO 06,106.0,Model A,1996,69 years 10 months,700000.0,659 JLN TENAGA,410659,1.33433246206686,103.906386015918,2026-01-18
219603,2025-12,WOODLANDS,4 ROOM,319,WOODLANDS ST 31,01 TO 03,103.0,Model A,1993,66 years 06 months,520000.0,319 WOODLANDS ST 31,730319,1.43150888069834,103.777400269235,2026-01-18
197463,2025-12,ANG MO KIO,3 ROOM,535,ANG MO KIO AVE 5,07 TO 09,82.0,New Generation,1980,53 years 03 months,488888.0,535 ANG MO KIO AVE 5,560535,1.37458255258876,103.853049125302,2026-01-18
198940,2025-12,BEDOK,5 ROOM,516,BEDOK NTH AVE 2,07 TO 09,119.0,Improved,1979,52 years 09 months,700000.0,516 BEDOK NTH AVE 2,460516,1.3310599731551,103.930041392882,2026-01-18
197399,2025-12,ANG MO KIO,3 ROOM,109,ANG MO KIO AVE 4,10 TO 12,67.0,New Generation,1978,51 years 08 months,426000.0,109 ANG MO KIO AVE 4,560109,1.3700965375834,103.837687766047,2026-01-18
197398,2025-12,ANG MO KIO,3 ROOM,631,ANG MO KIO AVE 4,10 TO 12,67.0,New Generation,1985,58 years 01 month,408000.0,631 ANG MO KIO AVE 4,560631,1.3795572819161,103.840735651035,2026-01-18
198941,2025-12,BEDOK,5 ROOM,516,BEDOK NTH AVE 2,22 TO 24,119.0,Improved,1979,52 years 09 months,720000.0,516 BEDOK NTH AVE 2,460516,1.3310599731551,103.930041392882,2026-01-18
197397,2025-12,ANG MO KIO,3 ROOM,172,ANG MO KIO AVE 4,07 TO 09,60.0,Improved,1986,59 years 02 months,450000.0,172 ANG MO KIO AVE 4,560172,1.37469423247424,103.836462867365,2026-01-18
198951,2025-12,BEDOK,5 ROOM,139,BEDOK NTH AVE 3,10 TO 12,117.0,Standard,1979,52 years 02 months,710000.0,139 BEDOK NTH AVE 3,460139,1.32941001130625,103.935397269548,2026-01-18
198952,2025-12,BEDOK,5 ROOM,506,BEDOK NTH AVE 3,13 TO 15,119.0,Improved,1978,52 years,688000.0,506 BEDOK NTH AVE 3,460506,1.33214280816285,103.933720223574,2026-01-18
197396,2025-12,ANG MO KIO,3 ROOM,624,ANG MO KIO AVE 4,07 TO 09,68.0,New Generation,1980,53 years 10 months,435000.0,624 ANG MO KIO AVE 4,560624,1.38156171229824,103.84000226873,2026-01-18
198953,2025-12,BEDOK,5 ROOM,139,BEDOK NTH AVE 3,07 TO 09,117.0,Standard,1979,52 years 02 months,640000.0,139 BEDOK NTH AVE 3,460139,1.32941001130625,103.935397269548,2026-01-18
197534,2025-12,ANG MO KIO,3 ROOM,650,ANG MO KIO ST 61,19 TO 21,67.0,Model A,2015,89 years 01 month,721000.0,650 ANG MO KIO ST 61,560650,1.37769118043958,103.84274515222,2026-01-18
198960,2025-12,BEDOK,5 ROOM,96,BEDOK NTH AVE 4,07 TO 09,123.0,Standard,1978,51 years 11 months,688888.0,96 BEDOK NTH AVE 4,460096,1.33326478123569,103.940334868697,2026-01-18
199017,2025-12,BEDOK,5 ROOM,112,BEDOK RESERVOIR RD,04 TO 06,121.0,Improved,1985,58 years 08 months,668000.0,112 BEDOK RESERVOIR RD,470112,1.32969408806205,103.910490219171,2026-01-18
199031,2025-12,BEDOK,5 ROOM,772,BEDOK RESERVOIR VIEW,04 TO 06,115.0,Premium Apartment,2000,74 years 01 month,730000.0,772 BEDOK RESERVOIR VIEW,470772,1.3364625679398,103.937895451472,2026-01-18
199032,2025-12,BEDOK,5 ROOM,769,BEDOK RESERVOIR VIEW,01 TO 03,112.0,Premium Apartment,2000,74 years 01 month,690000.0,769 BEDOK RESERVOIR VIEW,470769,1.33577919034865,103.937911555857,2026-01-18
199036,2025-12,BEDOK,5 ROOM,14,BEDOK STH AVE 2,07 TO 09,137.0,Model A,1995,69 years 01 month,918888.0,14 BEDOK STH AVE 2,460014,1.3213611911805,103.936185399688,2026-01-18
199045,2025-12,BEDOK,5 ROOM,21,BEDOK STH RD,07 TO 09,117.0,Standard,1976,49 years 02 months,825000.0,21 BEDOK STH RD,460021,1.32014595403693,103.933163375784,2026-01-18
198246,2025-12,BEDOK,3 ROOM,525,BEDOK NTH ST 3,07 TO 09,67.0,New Generation,1979,52 years 08 months,380000.0,525 BEDOK NTH ST 3,460525,1.33460113941761,103.929445271638,2026-01-18
199046,2025-12,BEDOK,5 ROOM,21,BEDOK STH RD,22 TO 24,117.0,Standard,1976,49 years 02 months,810000.0,21 BEDOK STH RD,460021,1.32014595403693,103.933163375784,2026-01-18
198345,2025-12,BEDOK,3 ROOM,151,BEDOK RESERVOIR RD,01 TO 03,63.0,Simplified,1988,61 years 10 months,450888.0,151 BEDOK RESERVOIR RD,470151,1.33557619454702,103.911545779692,2026-01-18
198132,2025-12,BEDOK,3 ROOM,419,BEDOK NTH ST 1,10 TO 12,68.0,New Generation,1979,52 years 02 months,450000.0,419 BEDOK NTH ST 1,460419,1.32696621417456,103.928135771625,2026-01-18
199057,2025-12,BEDOK,5 ROOM,34,CHAI CHEE AVE,01 TO 03,117.0,Standard,1975,48 years 02 months,648000.0,34 CHAI CHEE AVE,461034,1.32416996959775,103.926405179845,2026-01-18
197393,2025-12,ANG MO KIO,3 ROOM,631,ANG MO KIO AVE 4,07 TO 09,67.0,New Generation,1985,58 years 02 months,428000.0,631 ANG MO KIO AVE 4,560631,1.3795572819161,103.840735651035,2026-01-18
199091,2025-12,BEDOK,5 ROOM,653,JLN TENAGA,13 TO 15,124.0,Improved,1996,70 years,928000.0,653 JLN TENAGA,410653,1.33289023437904,103.907466873855,2026-01-18
198899,2025-12,BEDOK,4 ROOM,668,JLN DAMAI,07 TO 09,108.0,Model A,1996,70 years,743188.0,668 JLN DAMAI,410668,1.33333628302007,103.908903033464,2026-01-18
197466,2025-12,ANG MO KIO,3 ROOM,604,ANG MO KIO AVE 5,01 TO 03,67.0,New Generation,1980,53 years 07 months,415000.0,604 ANG MO KIO AVE 5,560604,1.37986658053966,103.835976650638,2026-01-18
198247,2025-12,BEDOK,3 ROOM,504,BEDOK NTH ST 3,10 TO 12,59.0,Improved,1978,51 years 05 months,385000.0,504 BEDOK NTH ST 3,460504,1.33188000305479,103.932389359044,2026-01-18
198858,2025-12,BEDOK,4 ROOM,35,CHAI CHEE AVE,16 TO 18,82.0,Improved,1975,48 years 02 months,478000.0,35 CHAI CHEE AVE,461035,1.32481986008075,103.926258117679,2026-01-18
197517,2025-12,ANG MO KIO,3 ROOM,625,ANG MO KIO AVE 9,04 TO 06,82.0,New Generation,1980,53 years 10 months,500000.0,625 ANG MO KIO AVE 9,560625,1.38219867741921,103.841211533475,2026-01-18
198275,2025-12,BEDOK,3 ROOM,188B,BEDOK NTH ST 4,07 TO 09,68.0,Model A,2018,92 years 01 month,670000.0,188B BEDOK NTH ST 4,462188,1.33196249675669,103.941467643694,2026-01-18
198274,2025-12,BEDOK,3 ROOM,188B,BEDOK NTH ST 4,13 TO 15,68.0,Model A,2018,92 years 01 month,657000.0,188B BEDOK NTH ST 4,462188,1.33196249675669,103.941467643694,2026-01-18
198256,2025-12,BEDOK,3 ROOM,545,BEDOK NTH ST 3,01 TO 03,68.0,New Generation,1980,53 years 05 months,387500.0,545 BEDOK NTH ST 3,460545,1.3300514240201,103.924118031423,2026-01-18
198255,2025-12,BEDOK,3 ROOM,525,BEDOK NTH ST 3,04 TO 06,67.0,New Generation,1979,52 years 08 months,425000.0,525 BEDOK NTH ST 3,460525,1.33460113941761,103.929445271638,2026-01-18
197510,2025-12,ANG MO KIO,3 ROOM,507,ANG MO KIO AVE 8,10 TO 12,67.0,New Generation,1980,53 years 07 months,450000.0,507 ANG MO KIO AVE 8,560507,1.37443139933504,103.850157484705,2026-01-18
197842,2025-12,ANG MO KIO,5 ROOM,439,ANG MO KIO AVE 10,19 TO 21,119.0,Improved,1979,52 years 02 months,830000.0,439 ANG MO KIO AVE 10,560439,1.36629197864802,103.85349630883,2026-01-18
198254,2025-12,BEDOK,3 ROOM,554,BEDOK NTH ST 3,04 TO 06,68.0,New Generation,1980,53 years 07 months,428000.0,554 BEDOK NTH ST 3,460554,1.33262715051315,103.928172121608,2026-01-18
198802,2025-12,BEDOK,4 ROOM,764,BEDOK RESERVOIR VIEW,13 TO 15,104.0,Premium Apartment,2000,74 years 01 month,782000.0,764 BEDOK RESERVOIR VIEW,470764,1.33587226296479,103.935400949109,2026-01-18
198803,2025-12,BEDOK,4 ROOM,766,BEDOK RESERVOIR VIEW,13 TO 15,105.0,Premium Apartment,2000,74 years 01 month,798000.0,766 BEDOK RESERVOIR VIEW,470766,1.33599899207348,103.936274523658,2026-01-18
220598,2025-12,YISHUN,3 ROOM,316A,YISHUN AVE 9,10 TO 12,67.0,Model A,2015,88 years 10 months,535000.0,316A YISHUN AVE 9,761316,1.43335530681195,103.842705084631,2026-01-18
219720,2025-12,WOODLANDS,5 ROOM,120,MARSILING RISE,07 TO 09,121.0,Improved,1985,59 years 01 month,610000.0,120 MARSILING RISE,730120,1.43918122951508,103.780841083163,2026-01-18
198804,2025-12,BEDOK,4 ROOM,770,BEDOK RESERVOIR VIEW,16 TO 18,107.0,Premium Apartment,2000,74 years,760888.0,770 BEDOK RESERVOIR VIEW,470770,1.33592504234068,103.938460933366,2026-01-18
197844,2025-12,ANG MO KIO,5 ROOM,545,ANG MO KIO AVE 10,19 TO 21,118.0,Improved,1981,54 years 02 months,780000.0,545 ANG MO KIO AVE 10,560545,1.37317921904936,103.856294541429,2026-01-18
198253,2025-12,BEDOK,3 ROOM,536,BEDOK NTH ST 3,13 TO 15,68.0,New Generation,1980,53 years 02 months,450000.0,536 BEDOK NTH ST 3,460536,1.3335411894605,103.923190774432,2026-01-18
197509,2025-12,ANG MO KIO,3 ROOM,509,ANG MO KIO AVE 8,04 TO 06,67.0,New Generation,1980,53 years 07 months,465000.0,509 ANG MO KIO AVE 8,560509,1.37400086510074,103.850139806283,2026-01-18
197467,2025-12,ANG MO KIO,3 ROOM,538,ANG MO KIO AVE 5,04 TO 06,68.0,New Generation,1980,53 years 03 months,400000.0,538 ANG MO KIO AVE 5,560538,1.37559336678106,103.853347801104,2026-01-18
198252,2025-12,BEDOK,3 ROOM,530,BEDOK NTH ST 3,13 TO 15,68.0,New Generation,1979,52 years 09 months,385000.0,530 BEDOK NTH ST 3,460530,1.33371332018833,103.927020293564,2026-01-18
198251,2025-12,BEDOK,3 ROOM,501,BEDOK NTH ST 3,07 TO 09,59.0,Improved,1978,51 years 05 months,380000.0,501 BEDOK NTH ST 3,460501,1.33164071248973,103.931167665142,2026-01-18
198826,2025-12,BEDOK,4 ROOM,37,BEDOK STH AVE 2,04 TO 06,84.0,Improved,1977,50 years 10 months,478000.0,37 BEDOK STH AVE 2,460037,1.32190663617287,103.939847213862,2026-01-18
198827,2025-12,BEDOK,4 ROOM,7,BEDOK STH AVE 2,01 TO 03,82.0,Improved,1976,49 years 01 month,512000.0,7 BEDOK STH AVE 2,460007,1.32281544267372,103.93545524391,2026-01-18
198854,2025-12,BEDOK,4 ROOM,41,BEDOK STH RD,13 TO 15,84.0,Improved,1977,50 years 10 months,488000.0,41 BEDOK STH RD,460041,1.32105071817917,103.94080318215,2026-01-18
198250,2025-12,BEDOK,3 ROOM,542,BEDOK NTH ST 3,07 TO 09,67.0,New Generation,1985,58 years 10 months,415000.0,542 BEDOK NTH ST 3,460542,1.33066590908483,103.922843972485,2026-01-18
198249,2025-12,BEDOK,3 ROOM,501,BEDOK NTH ST 3,07 TO 09,59.0,Improved,1978,51 years 06 months,367500.0,501 BEDOK NTH ST 3,460501,1.33164071248973,103.931167665142,2026-01-18
197866,2025-12,ANG MO KIO,5 ROOM,111,ANG MO KIO AVE 4,10 TO 12,117.0,Improved,1978,51 years 09 months,802000.0,111 ANG MO KIO AVE 4,560111,1.37085148985913,103.837298157413,2026-01-18
198248,2025-12,BEDOK,3 ROOM,525,BEDOK NTH ST 3,07 TO 09,67.0,New Generation,1979,52 years 08 months,413000.0,525 BEDOK NTH ST 3,460525,1.33460113941761,103.929445271638,2026-01-18
198855,2025-12,BEDOK,4 ROOM,44,BEDOK STH RD,04 TO 06,84.0,Improved,1977,50 years 09 months,470000.0,44 BEDOK STH RD,460044,1.3211155478057,103.941675526083,2026-01-18
200317,2025-12,BUKIT BATOK,4 ROOM,112,BT BATOK WEST AVE 6,04 TO 06,106.0,Model A,1984,57 years 11 months,523000.0,112 BT BATOK WEST AVE 6,650112,1.34817353357762,103.745025213312,2026-01-18
201430,2025-12,BUKIT MERAH,4 ROOM,26C,JLN MEMBINA,07 TO 09,85.0,Model A,2009,82 years 01 month,935000.0,26C JLN MEMBINA,166026,1.28275797395281,103.825205576961,2026-01-18
200319,2025-12,BUKIT BATOK,4 ROOM,190,BT BATOK WEST AVE 6,01 TO 03,101.0,Model A,1997,70 years 07 months,618000.0,190 BT BATOK WEST AVE 6,650190,1.3453856199951,103.746045480153,2026-01-18
204249,2025-12,CLEMENTI,4 ROOM,608,CLEMENTI WEST ST 1,10 TO 12,92.0,New Generation,1979,52 years 11 months,570000.0,608 CLEMENTI WEST ST 1,120608,1.30434110257324,103.766529796163,2026-01-18
203546,2025-12,CHOA CHU KANG,5 ROOM,672,CHOA CHU KANG CRES,13 TO 15,124.0,Premium Apartment,2000,73 years 03 months,650000.0,672 CHOA CHU KANG CRES,680672,1.40215166474802,103.747495879547,2026-01-18
203547,2025-12,CHOA CHU KANG,5 ROOM,672A,CHOA CHU KANG CRES,01 TO 03,123.0,Premium Apartment,2000,73 years 03 months,620888.0,672A CHOA CHU KANG CRES,681672,1.4018932058408,103.747364979441,2026-01-18
203548,2025-12,CHOA CHU KANG,5 ROOM,690D,CHOA CHU KANG CRES,10 TO 12,110.0,Improved,2003,76 years 09 months,560000.0,690D CHOA CHU KANG CRES,684690,1.40214978725236,103.752101604265,2026-01-18
203549,2025-12,CHOA CHU KANG,5 ROOM,672A,CHOA CHU KANG CRES,04 TO 06,123.0,Premium Apartment,2000,73 years 02 months,642000.0,672A CHOA CHU KANG CRES,681672,1.4018932058408,103.747364979441,2026-01-18
210614,2025-12,PUNGGOL,4 ROOM,617C,PUNGGOL DR,07 TO 09,93.0,Premium Apartment,2013,86 years 10 months,682000.0,617C PUNGGOL DR,823617,1.40194562015473,103.912456747947,2026-01-18
210615,2025-12,PUNGGOL,4 ROOM,619B,PUNGGOL DR,10 TO 12,93.0,Premium Apartment,2013,86 years 10 months,720000.0,619B PUNGGOL DR,822619,1.4028812272329,103.911042035521,2026-01-18
210616,2025-12,PUNGGOL,4 ROOM,632B,PUNGGOL DR,13 TO 15,93.0,Premium Apartment,2007,81 years 01 month,640000.0,632B PUNGGOL DR,822632,1.40084327296158,103.913134667895,2026-01-18
203588,2025-12,CHOA CHU KANG,5 ROOM,687C,CHOA CHU KANG DR,07 TO 09,110.0,Improved,2003,76 years 04 months,580000.0,687C CHOA CHU KANG DR,683687,1.40368559369126,103.751204967067,2026-01-18
215078,2025-12,SENGKANG,5 ROOM,202C,SENGKANG EAST RD,10 TO 12,110.0,Improved,2001,74 years 05 months,700000.0,202C SENGKANG EAST RD,543202,1.38753228222895,103.892967111261,2026-01-18
210617,2025-12,PUNGGOL,4 ROOM,678B,PUNGGOL DR,13 TO 15,93.0,Premium Apartment,2016,89 years 10 months,745000.0,678B PUNGGOL DR,822678,1.40576170081906,103.908840037229,2026-01-18
210618,2025-12,PUNGGOL,4 ROOM,633A,PUNGGOL DR,13 TO 15,91.0,Premium Apartment,2007,81 years,630000.0,633A PUNGGOL DR,821633,1.40136967502358,103.913191563768,2026-01-18
210619,2025-12,PUNGGOL,4 ROOM,613B,PUNGGOL DR,13 TO 15,93.0,Model A,2012,86 years,700888.0,613B PUNGGOL DR,822613,1.40427710253969,103.90827778637,2026-01-18
212741,2025-12,SEMBAWANG,4 ROOM,121D,CANBERRA ST,10 TO 12,93.0,Model A,2018,91 years 01 month,675000.0,121D CANBERRA ST,754121,1.44703776237182,103.833923460819,2026-01-18
210716,2025-12,PUNGGOL,4 ROOM,269A,PUNGGOL FIELD,10 TO 12,93.0,Premium Apartment,2013,86 years 01 month,772888.0,269A PUNGGOL FIELD,821269,1.4031490468413,103.898975756502,2026-01-18
203746,2025-12,CHOA CHU KANG,EXECUTIVE,273,CHOA CHU KANG AVE 2,04 TO 06,146.0,Apartment,1993,66 years 08 months,768000.0,273 CHOA CHU KANG AVE 2,680273,1.37925043437799,103.743072730416,2026-01-18
210806,2025-12,PUNGGOL,4 ROOM,209B,PUNGGOL PL,04 TO 06,92.0,Model A,2014,88 years 01 month,605000.0,209B PUNGGOL PL,822209,1.39973051378134,103.900935406518,2026-01-18
210807,2025-12,PUNGGOL,4 ROOM,288C,PUNGGOL PL,07 TO 09,97.0,Premium Apartment,2013,86 years 03 months,775000.0,288C PUNGGOL PL,823288,1.40255090260619,103.903557130195,2026-01-18
203941,2025-12,CLEMENTI,3 ROOM,311B,CLEMENTI AVE 4,10 TO 12,60.0,DBSS,2014,87 years 11 months,663000.0,311B CLEMENTI AVE 4,122311,1.31944669077178,103.765649446368,2026-01-18
210914,2025-12,PUNGGOL,4 ROOM,310B,PUNGGOL WALK,07 TO 09,92.0,Premium Apartment,2016,89 years 07 months,650000.0,310B PUNGGOL WALK,822310,1.40932267495625,103.900801836373,2026-01-18
210915,2025-12,PUNGGOL,4 ROOM,310A,PUNGGOL WALK,07 TO 09,92.0,Premium Apartment,2016,89 years 07 months,668100.0,310A PUNGGOL WALK,821310,1.40870088870466,103.901326604714,2026-01-18
210916,2025-12,PUNGGOL,4 ROOM,271D,PUNGGOL WALK,16 TO 18,92.0,Premium Apartment,2014,87 years 05 months,800000.0,271D PUNGGOL WALK,824271,1.40351432588188,103.90089026171,2026-01-18
210917,2025-12,PUNGGOL,4 ROOM,308B,PUNGGOL WALK,01 TO 03,92.0,Premium Apartment,2016,89 years 03 months,660000.0,308B PUNGGOL WALK,822308,1.40776678175669,103.89887868051,2026-01-18
204043,2025-12,CLEMENTI,3 ROOM,705,CLEMENTI WEST ST 2,10 TO 12,82.0,New Generation,1980,53 years 09 months,418000.0,705 CLEMENTI WEST ST 2,120705,1.30566420848829,103.760650698612,2026-01-18
204044,2025-12,CLEMENTI,3 ROOM,706,CLEMENTI WEST ST 2,01 TO 03,68.0,New Generation,1980,53 years 08 months,360000.0,706 CLEMENTI WEST ST 2,120706,1.30676076028652,103.762363136976,2026-01-18
211006,2025-12,PUNGGOL,4 ROOM,220A,SUMANG LANE,10 TO 12,93.0,Model A,2018,92 years 01 month,650000.0,220A SUMANG LANE,821220,1.40152166566132,103.894626712465,2026-01-18
204215,2025-12,CLEMENTI,4 ROOM,311B,CLEMENTI AVE 4,22 TO 24,82.0,DBSS,2014,88 years 01 month,968888.0,311B CLEMENTI AVE 4,122311,1.31944669077178,103.765649446368,2026-01-18
211007,2025-12,PUNGGOL,4 ROOM,220B,SUMANG LANE,13 TO 15,93.0,Model A,2018,92 years,680000.0,220B SUMANG LANE,822220,1.40151003643786,103.895420741116,2026-01-18
207426,2025-12,JURONG WEST,4 ROOM,554,JURONG WEST ST 42,07 TO 09,104.0,Model A,1984,57 years 11 months,556888.0,554 JURONG WEST ST 42,640554,1.35323480092319,103.71786608982,2026-01-18
207425,2025-12,JURONG WEST,4 ROOM,561A,JURONG WEST ST 42,13 TO 15,93.0,Model A,2018,91 years 03 months,670000.0,561A JURONG WEST ST 42,641561,1.354294109695,103.719755141086,2026-01-18
203545,2025-12,CHOA CHU KANG,5 ROOM,686A,CHOA CHU KANG CRES,10 TO 12,110.0,Improved,2002,75 years 11 months,582000.0,686A CHOA CHU KANG CRES,681686,1.40438956727531,103.74785640306,2026-01-18
210613,2025-12,PUNGGOL,4 ROOM,663B,PUNGGOL DR,04 TO 06,90.0,Model A,2016,89 years 07 months,670000.0,663B PUNGGOL DR,822663,1.4007712264439,103.917348684837,2026-01-18
210612,2025-12,PUNGGOL,4 ROOM,665C,PUNGGOL DR,13 TO 15,93.0,Premium Apartment,2016,89 years 03 months,725000.0,665C PUNGGOL DR,823665,1.40149164608042,103.914459128885,2026-01-18
203090,2025-12,CHOA CHU KANG,4 ROOM,811A,CHOA CHU KANG AVE 7,04 TO 06,93.0,Model A,2017,91 years,595000.0,811A CHOA CHU KANG AVE 7,681811,1.37373323250934,103.745947621659,2026-01-18
216081,2025-12,TAMPINES,4 ROOM,145,SIMEI ST 2,01 TO 03,84.0,Simplified,1988,61 years 03 months,567000.0,145 SIMEI ST 2,520145,1.34484832828898,103.955553840065,2026-01-18
216080,2025-12,TAMPINES,4 ROOM,141,SIMEI ST 2,04 TO 06,104.0,Model A,1989,62 years 02 months,665000.0,141 SIMEI ST 2,520141,1.34585135529578,103.955069793124,2026-01-18
216079,2025-12,TAMPINES,4 ROOM,142,SIMEI ST 2,07 TO 09,84.0,Simplified,1988,61 years 04 months,600000.0,142 SIMEI ST 2,520142,1.34534983054841,103.955127262037,2026-01-18
215991,2025-12,TAMPINES,3 ROOM,883,TAMPINES ST 84,10 TO 12,74.0,Model A,1988,61 years 05 months,520000.0,883 TAMPINES ST 84,520883,1.35185622978388,103.932939029289,2026-01-18
202705,2025-12,CENTRAL AREA,3 ROOM,635,VEERASAMY RD,07 TO 09,72.0,Model A,1985,58 years 07 months,575000.0,635 VEERASAMY RD,200635,1.30658850181781,103.855218716278,2026-01-18
202894,2025-12,CHOA CHU KANG,4 ROOM,130,CHOA CHU KANG AVE 1,04 TO 06,105.0,Model A,1993,66 years 07 months,525588.0,130 CHOA CHU KANG AVE 1,680130,1.3812909121038,103.750296649613,2026-01-18
215770,2025-12,TAMPINES,3 ROOM,157,TAMPINES ST 12,04 TO 06,68.0,New Generation,1985,58 years 02 months,525000.0,157 TAMPINES ST 12,521157,1.35107329077378,103.945003856886,2026-01-18
212743,2025-12,SEMBAWANG,4 ROOM,101A,CANBERRA ST,04 TO 06,93.0,Model A,2020,94 years,620000.0,101A CANBERRA ST,751101,1.45173892803325,103.83045410628,2026-01-18
208108,2025-12,JURONG WEST,5 ROOM,633,JURONG WEST ST 65,07 TO 09,110.0,Improved,2001,74 years 11 months,648888.0,633 JURONG WEST ST 65,640633,1.34326081308615,103.69933430697,2026-01-18
202961,2025-12,CHOA CHU KANG,4 ROOM,280,CHOA CHU KANG AVE 3,04 TO 06,104.0,Model A,1992,65 years 07 months,535000.0,280 CHOA CHU KANG AVE 3,680280,1.3808318992022,103.74293968344,2026-01-18
203065,2025-12,CHOA CHU KANG,4 ROOM,490C,CHOA CHU KANG AVE 5,07 TO 09,93.0,Model A,2016,89 years 06 months,615000.0,490C CHOA CHU KANG AVE 5,683490,1.37575014356152,103.741751767068,2026-01-18
208052,2025-12,JURONG WEST,5 ROOM,684B,JURONG WEST ST 64,04 TO 06,111.0,Premium Apartment,2000,73 years 09 months,582888.0,684B JURONG WEST ST 64,642684,1.34383999434612,103.704216582811,2026-01-18
208051,2025-12,JURONG WEST,5 ROOM,660D,JURONG WEST ST 64,07 TO 09,110.0,Improved,2001,74 years 10 months,715000.0,660D JURONG WEST ST 64,644660,1.33638400961294,103.703382722652,2026-01-18
200320,2025-12,BUKIT BATOK,4 ROOM,136,BT BATOK WEST AVE 6,07 TO 09,93.0,New Generation,1984,57 years 11 months,480000.0,136 BT BATOK WEST AVE 6,650136,1.35090042870513,103.74485764967,2026-01-18
210611,2025-12,PUNGGOL,4 ROOM,679A,PUNGGOL DR,16 TO 18,93.0,Premium Apartment,2016,89 years 10 months,780000.0,679A PUNGGOL DR,821679,1.40591156262743,103.908288150968,2026-01-18
203091,2025-12,CHOA CHU KANG,4 ROOM,810A,CHOA CHU KANG AVE 7,04 TO 06,93.0,Model A,2017,91 years,585000.0,810A CHOA CHU KANG AVE 7,681810,1.37454644083077,103.746304172261,2026-01-18
212515,2025-12,SEMBAWANG,4 ROOM,118B,CANBERRA CRES,04 TO 06,92.0,Model A,2020,93 years 06 months,780000.0,118B CANBERRA CRES,752118,1.4450285258496,103.829460415871,2026-01-18
207995,2025-12,JURONG WEST,5 ROOM,648B,JURONG WEST ST 61,13 TO 15,110.0,Improved,2001,74 years 05 months,672000.0,648B JURONG WEST ST 61,642648,1.3383876917868,103.698192617992,2026-01-18
207994,2025-12,JURONG WEST,5 ROOM,653C,JURONG WEST ST 61,01 TO 03,111.0,Improved,2002,75 years 11 months,590000.0,653C JURONG WEST ST 61,643653,1.33542562710519,103.696934679068,2026-01-18
210340,2025-12,PUNGGOL,4 ROOM,121B,EDGEDALE PLAINS,04 TO 06,93.0,Model A,2017,90 years 05 months,608000.0,121B EDGEDALE PLAINS,822121,1.39308870276065,103.909041773266,2026-01-18
210341,2025-12,PUNGGOL,4 ROOM,683A,EDGEDALE PLAINS,04 TO 06,93.0,Premium Apartment,2018,91 years 08 months,688000.0,683A EDGEDALE PLAINS,821683,1.4042634439442,103.915371364318,2026-01-18
207993,2025-12,JURONG WEST,5 ROOM,653B,JURONG WEST ST 61,04 TO 06,111.0,Improved,2002,75 years 11 months,648888.0,653B JURONG WEST ST 61,642653,1.33607309344134,103.696715423956,2026-01-18
203392,2025-12,CHOA CHU KANG,5 ROOM,249,CHOA CHU KANG AVE 2,01 TO 03,126.0,Improved,1993,66 years 07 months,610000.0,249 CHOA CHU KANG AVE 2,680249,1.37962407045143,103.745530138585,2026-01-18
203393,2025-12,CHOA CHU KANG,5 ROOM,297D,CHOA CHU KANG AVE 2,07 TO 09,123.0,Premium Apartment,1999,72 years 08 months,650000.0,297D CHOA CHU KANG AVE 2,684297,1.37810720091878,103.743046311747,2026-01-18
203429,2025-12,CHOA CHU KANG,5 ROOM,305,CHOA CHU KANG AVE 4,04 TO 06,129.0,Improved,1993,66 years 06 months,715000.0,305 CHOA CHU KANG AVE 4,680305,1.38432785634159,103.742917135674,2026-01-18
203447,2025-12,CHOA CHU KANG,5 ROOM,484B,CHOA CHU KANG AVE 5,13 TO 15,116.0,Improved,1999,72 years 05 months,620000.0,484B CHOA CHU KANG AVE 5,682484,1.37623030762822,103.736338345807,2026-01-18
203448,2025-12,CHOA CHU KANG,5 ROOM,489B,CHOA CHU KANG AVE 5,07 TO 09,113.0,Improved,2016,89 years 07 months,705000.0,489B CHOA CHU KANG AVE 5,682489,1.37573636567496,103.73958458863,2026-01-18
203449,2025-12,CHOA CHU KANG,5 ROOM,489D,CHOA CHU KANG AVE 5,07 TO 09,113.0,Improved,2016,89 years 07 months,670000.0,489D CHOA CHU KANG AVE 5,684489,1.3758879374176,103.740225214266,2026-01-18
204248,2025-12,CLEMENTI,4 ROOM,610,CLEMENTI WEST ST 1,04 TO 06,103.0,Model A,1983,56 years 08 months,534000.0,610 CLEMENTI WEST ST 1,120610,1.30454704525517,103.768773617907,2026-01-18
204330,2025-12,CLEMENTI,5 ROOM,445B,CLEMENTI AVE 3,16 TO 18,113.0,Improved,2021,94 years 07 months,1350000.0,445B CLEMENTI AVE 3,122445,1.31266626044778,103.764623618127,2026-01-18
209847,2025-12,PASIR RIS,5 ROOM,775,PASIR RIS ST 71,01 TO 03,125.0,Improved,1996,69 years 09 months,760000.0,775 PASIR RIS ST 71,510775,1.37409137626789,103.937134012769,2026-01-18
204331,2025-12,CLEMENTI,5 ROOM,445B,CLEMENTI AVE 3,01 TO 03,113.0,Improved,2021,94 years 06 months,1150000.0,445B CLEMENTI AVE 3,122445,1.31266626044778,103.764623618127,2026-01-18
207139,2025-12,JURONG WEST,3 ROOM,525,JURONG WEST ST 52,10 TO 12,67.0,New Generation,1982,56 years,410000.0,525 JURONG WEST ST 52,640525,1.34731636202053,103.716329598595,2026-01-18
207138,2025-12,JURONG WEST,3 ROOM,518,JURONG WEST ST 52,07 TO 09,74.0,Model A,1984,57 years 11 months,460000.0,518 JURONG WEST ST 52,640518,1.34508681384068,103.717978485296,2026-01-18
207137,2025-12,JURONG WEST,3 ROOM,528,JURONG WEST ST 52,01 TO 03,67.0,New Generation,1983,56 years 05 months,405000.0,528 JURONG WEST ST 52,640528,1.34832160433383,103.716955768923,2026-01-18
204928,2025-12,GEYLANG,4 ROOM,314,UBI AVE 1,04 TO 06,84.0,Simplified,1985,58 years 10 months,570000.0,314 UBI AVE 1,400314,1.32929452580121,103.903634766965,2026-01-18
204929,2025-12,GEYLANG,4 ROOM,319,UBI AVE 1,07 TO 09,84.0,Simplified,1985,58 years 07 months,560000.0,319 UBI AVE 1,400319,1.32827325782622,103.90359427022,2026-01-18
213964,2025-12,SENGKANG,4 ROOM,275C,COMPASSVALE LINK,04 TO 06,90.0,Premium Apartment,2009,82 years 06 months,700000.0,275C COMPASSVALE LINK,543275,1.38323915036519,103.893959919868,2026-01-18
213963,2025-12,SENGKANG,4 ROOM,275C,COMPASSVALE LINK,07 TO 09,92.0,Premium Apartment,2009,82 years 06 months,850888.0,275C COMPASSVALE LINK,543275,1.38323915036519,103.893959919868,2026-01-18
213962,2025-12,SENGKANG,4 ROOM,269B,COMPASSVALE LINK,10 TO 12,91.0,Premium Apartment,2006,79 years 02 months,715888.0,269B COMPASSVALE LINK,542269,1.38360114748177,103.895942493349,2026-01-18
213961,2025-12,SENGKANG,4 ROOM,273C,COMPASSVALE LINK,13 TO 15,90.0,Premium Apartment,2009,82 years 09 months,850000.0,273C COMPASSVALE LINK,543273,1.38460679116838,103.894501889915,2026-01-18
204930,2025-12,GEYLANG,4 ROOM,341,UBI AVE 1,10 TO 12,84.0,Simplified,1985,58 years 11 months,575000.0,341 UBI AVE 1,400341,1.32671260607254,103.901560745645,2026-01-18
204931,2025-12,GEYLANG,4 ROOM,344,UBI AVE 1,04 TO 06,84.0,Simplified,1985,58 years 08 months,560000.0,344 UBI AVE 1,400344,1.32635938429734,103.899753061623,2026-01-18
213822,2025-12,SENGKANG,4 ROOM,289A,COMPASSVALE CRES,01 TO 03,93.0,Premium Apartment,2017,91 years,608000.0,289A COMPASSVALE CRES,541289,1.39771199967972,103.897719773987,2026-01-18
206900,2025-12,JURONG WEST,3 ROOM,186,BOON LAY AVE,16 TO 18,59.0,Improved,1975,48 years 10 months,310000.0,186 BOON LAY AVE,640186,1.34572728320792,103.711027373165,2026-01-18
206899,2025-12,JURONG WEST,3 ROOM,185,BOON LAY AVE,13 TO 15,68.0,Improved,1975,48 years 11 months,342500.0,185 BOON LAY AVE,640185,1.34640538174578,103.71077711286,2026-01-18
206834,2025-12,JURONG WEST,2 ROOM,698A,JURONG WEST CTRL 3,10 TO 12,47.0,Model A,2017,90 years 11 months,428000.0,698A JURONG WEST CTRL 3,641698,1.341091607667,103.708023659485,2026-01-18
205351,2025-12,HOUGANG,3 ROOM,932A,HOUGANG AVE 9,07 TO 09,67.0,Model A,2017,90 years 11 months,549000.0,932A HOUGANG AVE 9,531932,1.37526558111202,103.881750957344,2026-01-18
205352,2025-12,HOUGANG,3 ROOM,804,HOUGANG CTRL,01 TO 03,64.0,Simplified,1988,61 years 09 months,458000.0,804 HOUGANG CTRL,530804,1.37115128124187,103.89447367673,2026-01-18
205471,2025-12,HOUGANG,4 ROOM,996B,BUANGKOK CRES,16 TO 18,93.0,Model A,2019,92 years 10 months,650000.0,996B BUANGKOK CRES,532996,1.38611330718324,103.882052260458,2026-01-18
205472,2025-12,HOUGANG,4 ROOM,997A,BUANGKOK CRES,04 TO 06,93.0,Model A,2018,92 years,610000.0,997A BUANGKOK CRES,531997,1.38504599856502,103.881166649447,2026-01-18
205473,2025-12,HOUGANG,4 ROOM,980A,BUANGKOK CRES,10 TO 12,85.0,Model A2,2003,76 years 06 months,558000.0,980A BUANGKOK CRES,531980,1.37956353427971,103.880454374163,2026-01-18
211949,2025-12,QUEENSTOWN,4 ROOM,23,GHIM MOH LINK,25 TO 27,92.0,Model A,2013,86 years 05 months,1000000.0,23 GHIM MOH LINK,271023,1.30863562772071,103.786331973494,2026-01-18
211950,2025-12,QUEENSTOWN,4 ROOM,33,GHIM MOH LINK,34 TO 36,93.0,Model A,2018,91 years 06 months,1211000.0,33 GHIM MOH LINK,270033,1.30977118024449,103.784714017294,2026-01-18
211952,2025-12,QUEENSTOWN,4 ROOM,15,GHIM MOH RD,04 TO 06,82.0,Improved,1977,50 years 02 months,580000.0,15 GHIM MOH RD,270015,1.30914384256219,103.788419918626,2026-01-18
213020,2025-12,SEMBAWANG,5 ROOM,504C,CANBERRA LINK,01 TO 03,110.0,Improved,2001,74 years 09 months,620000.0,504C CANBERRA LINK,753504,1.45011948894625,103.823591671435,2026-01-18
211955,2025-12,QUEENSTOWN,4 ROOM,9,HOLLAND AVE,13 TO 15,86.0,Improved,1974,47 years 06 months,630000.0,9 HOLLAND AVE,272009,1.3075559256341,103.794443576453,2026-01-18
212906,2025-12,SEMBAWANG,4 ROOM,466D,SEMBAWANG DR,01 TO 03,90.0,Premium Apartment,2006,79 years 03 months,505000.0,466D SEMBAWANG DR,754466,1.45595291786323,103.813547483063,2026-01-18
212049,2025-12,QUEENSTOWN,4 ROOM,60,STRATHMORE AVE,07 TO 09,85.0,Model A,2000,73 years 10 months,905000.0,60 STRATHMORE AVE,141060,1.29308587206923,103.81188488444,2026-01-18
212050,2025-12,QUEENSTOWN,4 ROOM,49,STRATHMORE AVE,10 TO 12,90.0,Model A,2006,79 years 07 months,920000.0,49 STRATHMORE AVE,140049,1.29402164281341,103.808212801667,2026-01-18
212051,2025-12,QUEENSTOWN,4 ROOM,61B,STRATHMORE AVE,16 TO 18,97.0,Model A,2011,84 years 08 months,1020000.0,61B STRATHMORE AVE,143061,1.29375107969483,103.811956712048,2026-01-18
211358,2025-12,PUNGGOL,5 ROOM,110D,PUNGGOL FIELD,07 TO 09,110.0,Improved,2003,76 years 05 months,660000.0,110D PUNGGOL FIELD,824110,1.39500071174513,103.910206023671,2026-01-18
204790,2025-12,GEYLANG,4 ROOM,18A,CIRCUIT RD,01 TO 03,93.0,Model A,2016,90 years,880000.0,18A CIRCUIT RD,371018,1.32932082372457,103.888071748726,2026-01-18
204789,2025-12,GEYLANG,4 ROOM,18C,CIRCUIT RD,16 TO 18,93.0,Model A,2016,90 years,1018000.0,18C CIRCUIT RD,373018,1.3292969092972,103.888792588332,2026-01-18
211141,2025-12,PUNGGOL,5 ROOM,122B,EDGEDALE PLAINS,10 TO 12,112.0,Improved,2017,90 years 06 months,750000.0,122B EDGEDALE PLAINS,822122,1.39415009117251,103.909595974135,2026-01-18
204332,2025-12,CLEMENTI,5 ROOM,445A,CLEMENTI AVE 3,31 TO 33,113.0,Improved,2021,94 years 06 months,1480000.0,445A CLEMENTI AVE 3,121445,1.31275318886737,103.76415727081,2026-01-18
204333,2025-12,CLEMENTI,5 ROOM,445A,CLEMENTI AVE 3,31 TO 33,113.0,Improved,2021,94 years 06 months,1480000.0,445A CLEMENTI AVE 3,121445,1.31275318886737,103.76415727081,2026-01-18
204334,2025-12,CLEMENTI,5 ROOM,445B,CLEMENTI AVE 3,34 TO 36,113.0,Improved,2021,94 years 06 months,1500000.0,445B CLEMENTI AVE 3,122445,1.31266626044778,103.764623618127,2026-01-18
207338,2025-12,JURONG WEST,4 ROOM,697A,JURONG WEST CTRL 3,07 TO 09,93.0,Model A,2017,90 years 11 months,760000.0,697A JURONG WEST CTRL 3,641697,1.34103443749636,103.708340995245,2026-01-18
211134,2025-12,PUNGGOL,5 ROOM,662D,EDGEDALE PLAINS,07 TO 09,112.0,Premium Apartment,2017,90 years 06 months,800000.0,662D EDGEDALE PLAINS,824662,1.40167255995228,103.918002836686,2026-01-18
204351,2025-12,CLEMENTI,5 ROOM,340,CLEMENTI AVE 5,10 TO 12,121.0,Improved,1979,53 years,780000.0,340 CLEMENTI AVE 5,120340,1.31872875423273,103.77007125633,2026-01-18
211135,2025-12,PUNGGOL,5 ROOM,682A,EDGEDALE PLAINS,13 TO 15,113.0,Premium Apartment,2018,91 years 09 months,830000.0,682A EDGEDALE PLAINS,821682,1.40354774923551,103.916291277867,2026-01-18
211137,2025-12,PUNGGOL,5 ROOM,109B,EDGEDALE PLAINS,01 TO 03,110.0,Improved,2003,76 years 06 months,600000.0,109B EDGEDALE PLAINS,822109,1.39495696200868,103.909634230948,2026-01-18
211138,2025-12,PUNGGOL,5 ROOM,132,EDGEDALE PLAINS,10 TO 12,111.0,Premium Apartment,2003,77 years,590000.0,132 EDGEDALE PLAINS,820132,1.3930694988303,103.910698497279,2026-01-18
211139,2025-12,PUNGGOL,5 ROOM,126A,EDGEDALE PLAINS,07 TO 09,110.0,Improved,2003,76 years 04 months,661888.0,126A EDGEDALE PLAINS,821126,1.39410054969153,103.911356165393,2026-01-18
211140,2025-12,PUNGGOL,5 ROOM,134,EDGEDALE PLAINS,07 TO 09,111.0,Premium Apartment,2003,77 years,633000.0,134 EDGEDALE PLAINS,820134,1.39233540545797,103.91018078305,2026-01-18
204473,2025-12,GEYLANG,3 ROOM,52,CASSIA CRES,16 TO 18,62.0,Model A,2018,91 years 02 months,730000.0,52 CASSIA CRES,390052,1.31067221805457,103.88503171279,2026-01-18
204474,2025-12,GEYLANG,3 ROOM,34,CASSIA CRES,10 TO 12,68.0,New Generation,1981,54 years 07 months,535000.0,34 CASSIA CRES,390034,1.30964078422608,103.884471779925,2026-01-18
211142,2025-12,PUNGGOL,5 ROOM,174C,EDGEDALE PLAINS,07 TO 09,110.0,Improved,2004,77 years 01 month,638888.0,174C EDGEDALE PLAINS,823174,1.39697305141614,103.910424539026,2026-01-18
212742,2025-12,SEMBAWANG,4 ROOM,103B,CANBERRA ST,04 TO 06,93.0,Model A,2020,94 years 01 month,620000.0,103B CANBERRA ST,752103,1.45056599465441,103.831238741555,2026-01-18
204583,2025-12,GEYLANG,3 ROOM,40,CIRCUIT RD,07 TO 09,66.0,Standard,1971,44 years 02 months,348000.0,40 CIRCUIT RD,370040,1.32767695905654,103.886264654446,2026-01-18
204584,2025-12,GEYLANG,3 ROOM,58,CIRCUIT RD,07 TO 09,56.0,Standard,1969,42 years 02 months,308000.0,58 CIRCUIT RD,370058,1.32501466214245,103.886455988464,2026-01-18
204585,2025-12,GEYLANG,3 ROOM,18A,CIRCUIT RD,07 TO 09,67.0,Model A,2016,90 years,720000.0,18A CIRCUIT RD,371018,1.32932082372457,103.888071748726,2026-01-18
204586,2025-12,GEYLANG,3 ROOM,38,CIRCUIT RD,07 TO 09,60.0,Standard,1971,44 years 02 months,350000.0,38 CIRCUIT RD,370038,1.3279573571198,103.886080437213,2026-01-18
204587,2025-12,GEYLANG,3 ROOM,18C,CIRCUIT RD,07 TO 09,67.0,Model A,2016,90 years,750000.0,18C CIRCUIT RD,373018,1.3292969092972,103.888792588332,2026-01-18
204588,2025-12,GEYLANG,3 ROOM,49,CIRCUIT RD,07 TO 09,56.0,Standard,1969,42 years 02 months,333888.0,49 CIRCUIT RD,370049,1.32513240286821,103.885610754075,2026-01-18
204589,2025-12,GEYLANG,3 ROOM,66,CIRCUIT RD,07 TO 09,56.0,Standard,1967,40 years 02 months,350000.0,66 CIRCUIT RD,370066,1.32653588159213,103.887672820976,2026-01-18
204590,2025-12,GEYLANG,3 ROOM,43,CIRCUIT RD,04 TO 06,52.0,Standard,1971,44 years 01 month,305000.0,43 CIRCUIT RD,370043,1.32648228290473,103.885544901533,2026-01-18
214287,2025-12,SENGKANG,4 ROOM,178A,RIVERVALE CRES,13 TO 15,93.0,Model A,2015,88 years 03 months,595000.0,178A RIVERVALE CRES,541178,1.3889732362803,103.909651594176,2026-01-18
214286,2025-12,SENGKANG,4 ROOM,185D,RIVERVALE CRES,04 TO 06,91.0,Model A2,2000,74 years 01 month,510000.0,185D RIVERVALE CRES,544185,1.39386699836591,103.906351242369,2026-01-18
204704,2025-12,GEYLANG,3 ROOM,302,UBI AVE 1,04 TO 06,64.0,Simplified,2000,73 years 05 months,483000.0,302 UBI AVE 1,400302,1.33002586987709,103.900995405582,2026-01-18
211357,2025-12,PUNGGOL,5 ROOM,110A,PUNGGOL FIELD,16 TO 18,110.0,Improved,2003,76 years 07 months,700888.0,110A PUNGGOL FIELD,821110,1.39612400306258,103.909283681189,2026-01-18
214115,2025-12,SENGKANG,4 ROOM,415A,FERNVALE LINK,07 TO 09,93.0,Model A,2016,89 years 02 months,617000.0,415A FERNVALE LINK,791415,1.3890450841015,103.879415312113,2026-01-18
209848,2025-12,PASIR RIS,5 ROOM,761,PASIR RIS ST 71,04 TO 06,128.0,Improved,1996,69 years 10 months,715000.0,761 PASIR RIS ST 71,510761,1.37610193104679,103.933867337036,2026-01-18
208109,2025-12,JURONG WEST,5 ROOM,658B,JURONG WEST ST 65,07 TO 09,112.0,Improved,2001,74 years 05 months,718000.0,658B JURONG WEST ST 65,642658,1.33648967687037,103.700757438608,2026-01-18
201098,2025-12,BUKIT MERAH,3 ROOM,18,TAMAN HO SWEE,01 TO 03,54.0,Standard,1970,43 years 02 months,338000.0,18 TAMAN HO SWEE,162018,1.28809868332674,103.831032031024,2026-01-18
200693,2025-12,BUKIT BATOK,5 ROOM,451B,BT BATOK WEST AVE 6,10 TO 12,113.0,Improved,2019,92 years 04 months,826888.0,451B BT BATOK WEST AVE 6,652451,1.35248381356888,103.743414725495,2026-01-18
200767,2025-12,BUKIT BATOK,5 ROOM,464A,BT BATOK WEST AVE 8,04 TO 06,113.0,Improved,2021,94 years 08 months,805000.0,464A BT BATOK WEST AVE 8,651464,1.35737021414307,103.741749681703,2026-01-18
202451,2025-12,BUKIT PANJANG,5 ROOM,473,SEGAR RD,04 TO 06,110.0,Premium Apartment,2003,76 years 01 month,580000.0,473 SEGAR RD,670473,1.38823731294211,103.772144523474,2026-01-18
201135,2025-12,BUKIT MERAH,3 ROOM,8,TELOK BLANGAH CRES,07 TO 09,59.0,Improved,1975,48 years 05 months,375000.0,8 TELOK BLANGAH CRES,90008,1.27779539068994,103.819341303524,2026-01-18
201136,2025-12,BUKIT MERAH,3 ROOM,5,TELOK BLANGAH CRES,04 TO 06,75.0,Improved,1983,56 years 05 months,425000.0,5 TELOK BLANGAH CRES,90005,1.27872402905423,103.819220384802,2026-01-18
200766,2025-12,BUKIT BATOK,5 ROOM,443A,BT BATOK WEST AVE 8,10 TO 12,112.0,Improved,2019,92 years 04 months,830000.0,443A BT BATOK WEST AVE 8,651443,1.35653277301058,103.737760469396,2026-01-18
200765,2025-12,BUKIT BATOK,5 ROOM,445A,BT BATOK WEST AVE 8,04 TO 06,112.0,Improved,2019,92 years 02 months,720000.0,445A BT BATOK WEST AVE 8,651445,1.35097419119069,103.739240258216,2026-01-18
201220,2025-12,BUKIT MERAH,3 ROOM,93B,TELOK BLANGAH ST 31,13 TO 15,68.0,Model A,2018,92 years,740000.0,93B TELOK BLANGAH ST 31,102093,1.27535722008159,103.807977257969,2026-01-18
201221,2025-12,BUKIT MERAH,3 ROOM,33,TELOK BLANGAH WAY,04 TO 06,70.0,Improved,1976,49 years 05 months,398000.0,33 TELOK BLANGAH WAY,90033,1.27436196353296,103.822184004574,2026-01-18
201277,2025-12,BUKIT MERAH,4 ROOM,101,BT PURMEI RD,04 TO 06,97.0,New Generation,1983,56 years 08 months,560000.0,101 BT PURMEI RD,90101,1.27146256556443,103.825683545567,2026-01-18
201333,2025-12,BUKIT MERAH,4 ROOM,105A,DEPOT RD,07 TO 09,92.0,Model A,2017,90 years 11 months,836000.0,105A DEPOT RD,101105,1.28107116546835,103.811405730352,2026-01-18
200764,2025-12,BUKIT BATOK,5 ROOM,443C,BT BATOK WEST AVE 8,07 TO 09,112.0,Improved,2019,92 years 04 months,803500.0,443C BT BATOK WEST AVE 8,653443,1.35557897178099,103.737833820151,2026-01-18
212132,2025-12,QUEENSTOWN,5 ROOM,91,TANGLIN HALT RD,16 TO 18,110.0,Improved,2008,81 years 09 months,1231880.0,91 TANGLIN HALT RD,142091,1.30072792288033,103.799417284922,2026-01-18
201604,2025-12,BUKIT MERAH,4 ROOM,93B,TELOK BLANGAH ST 31,19 TO 21,93.0,Model A,2018,92 years 01 month,985000.0,93B TELOK BLANGAH ST 31,102093,1.27535722008159,103.807977257969,2026-01-18
201428,2025-12,BUKIT MERAH,4 ROOM,21,JLN MEMBINA,04 TO 06,90.0,Model A,2003,76 years 10 months,922000.0,21 JLN MEMBINA,163021,1.28508656289053,103.825782815048,2026-01-18
201429,2025-12,BUKIT MERAH,4 ROOM,21,JLN MEMBINA,10 TO 12,85.0,Model A,2003,76 years 10 months,915000.0,21 JLN MEMBINA,163021,1.28508656289053,103.825782815048,2026-01-18
201479,2025-12,BUKIT MERAH,4 ROOM,127D,KIM TIAN RD,34 TO 36,93.0,Model A,2013,86 years 03 months,1050888.0,127D KIM TIAN RD,164127,1.28111980555052,103.829943174928,2026-01-18
201480,2025-12,BUKIT MERAH,4 ROOM,126C,KIM TIAN RD,13 TO 15,88.0,Model A,2013,86 years 03 months,940888.0,126C KIM TIAN RD,163126,1.28231370027498,103.829311503614,2026-01-18
212448,2025-12,SEMBAWANG,4 ROOM,482,ADMIRALTY LINK,13 TO 15,87.0,Model A2,2004,77 years 03 months,526000.0,482 ADMIRALTY LINK,750482,1.45543968418756,103.815460900731,2026-01-18
209403,2025-12,PASIR RIS,4 ROOM,613,ELIAS RD,01 TO 03,110.0,Model A,1996,69 years 08 months,635000.0,613 ELIAS RD,510613,1.37499586404528,103.941510592544,2026-01-18
200650,2025-12,BUKIT BATOK,5 ROOM,394,BT BATOK WEST AVE 5,01 TO 03,115.0,Improved,2004,77 years 09 months,622000.0,394 BT BATOK WEST AVE 5,650394,1.36642311199961,103.752688625262,2026-01-18
217165,2025-12,TAMPINES,5 ROOM,106,TAMPINES ST 11,07 TO 09,133.0,Model A,1984,57 years 08 months,760000.0,106 TAMPINES ST 11,521106,1.34753919206552,103.947675427986,2026-01-18
200649,2025-12,BUKIT BATOK,5 ROOM,390,BT BATOK WEST AVE 5,22 TO 24,118.0,Improved,2004,78 years,715000.0,390 BT BATOK WEST AVE 5,650390,1.36535402711964,103.752433206591,2026-01-18
201519,2025-12,BUKIT MERAH,4 ROOM,17,TELOK BLANGAH CRES,25 TO 27,100.0,Model A,2002,75 years 01 month,855000.0,17 TELOK BLANGAH CRES,90017,1.27776786253278,103.821702419401,2026-01-18
200817,2025-12,BUKIT BATOK,EXECUTIVE,366,BT BATOK ST 31,04 TO 06,144.0,Apartment,1986,59 years 04 months,850000.0,366 BT BATOK ST 31,650366,1.36036478752608,103.748916692721,2026-01-18
209101,2025-12,KALLANG/WHAMPOA,5 ROOM,9,BOON KENG RD,22 TO 24,119.0,DBSS,2011,84 years 02 months,1470000.0,9 BOON KENG RD,330009,1.31605118149851,103.861218698544,2026-01-18
201066,2025-12,BUKIT MERAH,3 ROOM,37,JLN RUMAH TINGGI,10 TO 12,53.0,Standard,1969,42 years 08 months,301000.0,37 JLN RUMAH TINGGI,150037,1.28922928913172,103.809193412567,2026-01-18
201065,2025-12,BUKIT MERAH,3 ROOM,37,JLN RUMAH TINGGI,04 TO 06,53.0,Standard,1969,42 years 08 months,315000.0,37 JLN RUMAH TINGGI,150037,1.28922928913172,103.809193412567,2026-01-18
201059,2025-12,BUKIT MERAH,3 ROOM,26A,JLN MEMBINA,01 TO 03,60.0,Model A,2008,82 years 01 month,705000.0,26A JLN MEMBINA,162026,1.28306228472371,103.826059892794,2026-01-18
200838,2025-12,BUKIT BATOK,EXECUTIVE,524,BT BATOK ST 52,01 TO 03,146.0,Maisonette,1987,60 years 02 months,800000.0,524 BT BATOK ST 52,650524,1.35722338885356,103.752654717899,2026-01-18
200857,2025-12,BUKIT MERAH,2 ROOM,28,JLN BT MERAH,07 TO 09,47.0,Standard,1967,40 years 06 months,280000.0,28 JLN BT MERAH,152028,1.28640350234512,103.809741989834,2026-01-18
200861,2025-12,BUKIT MERAH,2 ROOM,28,JLN KLINIK,04 TO 06,49.0,Standard,1969,42 years 08 months,285000.0,28 JLN KLINIK,160028,1.28789877031281,103.828203629292,2026-01-18
200863,2025-12,BUKIT MERAH,2 ROOM,127A,KIM TIAN RD,04 TO 06,47.0,2-room,2013,86 years 03 months,538000.0,127A KIM TIAN RD,161127,1.28196243466081,103.829559141133,2026-01-18
200783,2025-12,BUKIT BATOK,EXECUTIVE,125,BT BATOK CTRL,10 TO 12,150.0,Maisonette,1985,58 years 08 months,935000.0,125 BT BATOK CTRL,650125,1.35153484935942,103.747158496291,2026-01-18
200867,2025-12,BUKIT MERAH,2 ROOM,48,LOWER DELTA RD,10 TO 12,43.0,Standard,1970,43 years 03 months,298888.0,48 LOWER DELTA RD,160048,1.28944268125333,103.826201445621,2026-01-18
200883,2025-12,BUKIT MERAH,3 ROOM,24,BEO CRES,01 TO 03,59.0,Standard,1971,44 years 08 months,358000.0,24 BEO CRES,160024,1.28852535171166,103.828458597142,2026-01-18
200770,2025-12,BUKIT BATOK,5 ROOM,442B,BT BATOK WEST AVE 8,10 TO 12,112.0,Improved,2019,92 years 03 months,835000.0,442B BT BATOK WEST AVE 8,652442,1.35713363707316,103.73817224451,2026-01-18
200910,2025-12,BUKIT MERAH,3 ROOM,130,BT MERAH VIEW,10 TO 12,65.0,Improved,1973,46 years 08 months,405000.0,130 BT MERAH VIEW,150130,1.28458712798457,103.824360319186,2026-01-18
200911,2025-12,BUKIT MERAH,3 ROOM,116,BT MERAH VIEW,01 TO 03,59.0,Improved,1974,47 years 04 months,340000.0,116 BT MERAH VIEW,151116,1.28513427067055,103.821532226321,2026-01-18
200950,2025-12,BUKIT MERAH,3 ROOM,7,EVERTON PK,04 TO 06,84.0,New Generation,1980,54 years,600000.0,7 EVERTON PK,80007,1.27692435153003,103.838679504443,2026-01-18
200951,2025-12,BUKIT MERAH,3 ROOM,1,EVERTON PK,07 TO 09,72.0,New Generation,1980,54 years,580000.0,1 EVERTON PK,81001,1.27742654288695,103.840001188095,2026-01-18
200971,2025-12,BUKIT MERAH,3 ROOM,52,HAVELOCK RD,31 TO 33,69.0,Model A,2013,86 years 06 months,838000.0,52 HAVELOCK RD,161052,1.28951776036854,103.828467082634,2026-01-18
200972,2025-12,BUKIT MERAH,3 ROOM,22,HAVELOCK RD,07 TO 09,64.0,Standard,1969,42 years 08 months,408000.0,22 HAVELOCK RD,160022,1.28874603704088,103.828824191655,2026-01-18
200989,2025-12,BUKIT MERAH,3 ROOM,95A,HENDERSON RD,13 TO 15,68.0,Model A,2019,92 years 06 months,735000.0,95A HENDERSON RD,151095,1.28649254110004,103.82143358771,2026-01-18
200769,2025-12,BUKIT BATOK,5 ROOM,439C,BT BATOK WEST AVE 8,13 TO 15,113.0,Improved,2020,93 years 03 months,820000.0,439C BT BATOK WEST AVE 8,653439,1.35762861295926,103.738857524407,2026-01-18
200996,2025-12,BUKIT MERAH,3 ROOM,77,INDUS RD,04 TO 06,75.0,Improved,1973,46 years 02 months,473000.0,77 INDUS RD,160077,1.29113483646901,103.826764453591,2026-01-18
200768,2025-12,BUKIT BATOK,5 ROOM,439C,BT BATOK WEST AVE 8,07 TO 09,113.0,Improved,2020,93 years 03 months,790000.0,439C BT BATOK WEST AVE 8,653439,1.35762861295926,103.738857524407,2026-01-18
201040,2025-12,BUKIT MERAH,3 ROOM,145,JLN BT MERAH,07 TO 09,67.0,New Generation,1981,55 years,426000.0,145 JLN BT MERAH,160145,1.27729352946741,103.830515650322,2026-01-18
201041,2025-12,BUKIT MERAH,3 ROOM,145,JLN BT MERAH,04 TO 06,67.0,New Generation,1981,55 years 01 month,430000.0,145 JLN BT MERAH,160145,1.27729352946741,103.830515650322,2026-01-18
217553,2025-12,TAMPINES,EXECUTIVE,863,TAMPINES ST 83,10 TO 12,146.0,Maisonette,1988,61 years 04 months,1050000.0,863 TAMPINES ST 83,520863,1.35545983628464,103.935614377579,2026-01-18
201042,2025-12,BUKIT MERAH,3 ROOM,131,JLN BT MERAH,04 TO 06,76.0,Improved,1976,49 years 02 months,420000.0,131 JLN BT MERAH,160131,1.2801894226101,103.828178445611,2026-01-18
201043,2025-12,BUKIT MERAH,3 ROOM,2,JLN BT MERAH,04 TO 06,63.0,Improved,1975,48 years 07 months,390000.0,2 JLN BT MERAH,150002,1.2866292132996,103.80686187976,2026-01-18
201527,2025-12,BUKIT MERAH,4 ROOM,51,TELOK BLANGAH DR,04 TO 06,92.0,New Generation,1978,51 years 08 months,630000.0,51 TELOK BLANGAH DR,100051,1.27351337938811,103.810145340012,2026-01-18
200614,2025-12,BUKIT BATOK,5 ROOM,463B,BT BATOK ST 41,16 TO 18,113.0,Improved,2021,94 years 08 months,838888.0,463B BT BATOK ST 41,652463,1.35704936773958,103.742307951488,2026-01-18
200816,2025-12,BUKIT BATOK,EXECUTIVE,357,BT BATOK ST 31,01 TO 03,147.0,Maisonette,1986,59 years 07 months,815000.0,357 BT BATOK ST 31,650357,1.36165496355644,103.750874717825,2026-01-18
202200,2025-12,BUKIT PANJANG,4 ROOM,471,SEGAR RD,10 TO 12,90.0,Premium Apartment,2002,75 years 05 months,515000.0,471 SEGAR RD,670471,1.3882916461168,103.772894835446,2026-01-18
201605,2025-12,BUKIT MERAH,4 ROOM,90A,TELOK BLANGAH ST 31,19 TO 21,93.0,Model A,2018,92 years 01 month,988000.0,90A TELOK BLANGAH ST 31,101090,1.27773457800288,103.807093263136,2026-01-18
202041,2025-12,BUKIT PANJANG,4 ROOM,521,JELAPANG RD,01 TO 03,102.0,Model A,1998,72 years,518000.0,521 JELAPANG RD,670521,1.38735710922594,103.765995049251,2026-01-18
202042,2025-12,BUKIT PANJANG,4 ROOM,538,JELAPANG RD,19 TO 21,100.0,Model A,1999,72 years 06 months,648888.0,538 JELAPANG RD,670538,1.38387053713683,103.763690774195,2026-01-18
200502,2025-12,BUKIT BATOK,4 ROOM,460D,BT BATOK WEST AVE 9,10 TO 12,93.0,Model A,2020,93 years 06 months,698000.0,460D BT BATOK WEST AVE 9,654460,1.35357038229401,103.740214836034,2026-01-18
200501,2025-12,BUKIT BATOK,4 ROOM,460A,BT BATOK WEST AVE 9,10 TO 12,93.0,Model A,2020,93 years 06 months,650888.0,460A BT BATOK WEST AVE 9,651460,1.35426046045608,103.739309747692,2026-01-18
202044,2025-12,BUKIT PANJANG,4 ROOM,510,JELAPANG RD,01 TO 03,100.0,Model A2,1998,71 years 07 months,535000.0,510 JELAPANG RD,670510,1.38758897243469,103.768982944262,2026-01-18
202045,2025-12,BUKIT PANJANG,4 ROOM,508,JELAPANG RD,04 TO 06,90.0,Model A2,1998,71 years 06 months,530000.0,508 JELAPANG RD,670508,1.38634539387806,103.768831827225,2026-01-18
200461,2025-12,BUKIT BATOK,4 ROOM,442C,BT BATOK WEST AVE 8,01 TO 03,92.0,Model A,2019,92 years 03 months,656000.0,442C BT BATOK WEST AVE 8,653442,1.35713364367421,103.737972739621,2026-01-18
200460,2025-12,BUKIT BATOK,4 ROOM,461C,BT BATOK WEST AVE 8,10 TO 12,93.0,Model A,2019,92 years 10 months,710000.0,461C BT BATOK WEST AVE 8,653461,1.35482612017831,103.740658209494,2026-01-18
208594,2025-12,KALLANG/WHAMPOA,3 ROOM,116B,JLN TENTERAM,25 TO 27,67.0,Model A,2017,90 years 11 months,685000.0,116B JLN TENTERAM,322116,1.32754908001444,103.860807411661,2026-01-18
202283,2025-12,BUKIT PANJANG,4 ROOM,636B,SENJA RD,13 TO 15,92.0,Model A,2015,89 years,678000.0,636B SENJA RD,672636,1.38762470759976,103.758331445094,2026-01-18
208467,2025-12,KALLANG/WHAMPOA,3 ROOM,38C,BENDEMEER RD,13 TO 15,69.0,Model A,2012,85 years 06 months,705000.0,38C BENDEMEER RD,333038,1.32112027780383,103.866786871368,2026-01-18
202284,2025-12,BUKIT PANJANG,4 ROOM,634B,SENJA RD,01 TO 03,92.0,Model A,2015,88 years 11 months,553000.0,634B SENJA RD,672634,1.38611988630201,103.758328624429,2026-01-18
209750,2025-12,PASIR RIS,5 ROOM,190,PASIR RIS ST 12,01 TO 03,136.0,Model A,1993,66 years 09 months,735000.0,190 PASIR RIS ST 12,510190,1.36552479300537,103.958657337254,2026-01-18
209776,2025-12,PASIR RIS,5 ROOM,212,PASIR RIS ST 21,10 TO 12,128.0,Improved,1993,66 years 08 months,695000.0,212 PASIR RIS ST 21,510212,1.3677785523953,103.960765697169,2026-01-18
200459,2025-12,BUKIT BATOK,4 ROOM,461C,BT BATOK WEST AVE 8,04 TO 06,93.0,Model A,2019,92 years 10 months,647000.0,461C BT BATOK WEST AVE 8,653461,1.35482612017831,103.740658209494,2026-01-18
202399,2025-12,BUKIT PANJANG,5 ROOM,121,PENDING RD,01 TO 03,121.0,Improved,1987,61 years 01 month,615000.0,121 PENDING RD,670121,1.37720047788648,103.769852814329,2026-01-18
200458,2025-12,BUKIT BATOK,4 ROOM,464A,BT BATOK WEST AVE 8,04 TO 06,93.0,Model A,2021,94 years 08 months,615000.0,464A BT BATOK WEST AVE 8,651464,1.35737021414307,103.741749681703,2026-01-18
200457,2025-12,BUKIT BATOK,4 ROOM,439B,BT BATOK WEST AVE 8,10 TO 12,93.0,Model A,2020,93 years 03 months,708000.0,439B BT BATOK WEST AVE 8,652439,1.35721494856744,103.739342992281,2026-01-18
208466,2025-12,KALLANG/WHAMPOA,3 ROOM,10A,BENDEMEER RD,40 TO 42,68.0,Model A,2017,91 years 01 month,880000.0,10A BENDEMEER RD,331010,1.31499138887312,103.86050538635,2026-01-18
200456,2025-12,BUKIT BATOK,4 ROOM,439A,BT BATOK WEST AVE 8,13 TO 15,93.0,Model A,2020,93 years 03 months,700000.0,439A BT BATOK WEST AVE 8,651439,1.35682160436271,103.740330543468,2026-01-18
200455,2025-12,BUKIT BATOK,4 ROOM,172,BT BATOK WEST AVE 8,22 TO 24,103.0,Model A,1985,58 years 06 months,550000.0,172 BT BATOK WEST AVE 8,650172,1.34566903930041,103.740480275142,2026-01-18
196995,2025-12,ANG MO KIO,2 ROOM,172,ANG MO KIO AVE 4,07 TO 09,45.0,Improved,1986,59 years 02 months,353000.0,172 ANG MO KIO AVE 4,560172,1.37469423247424,103.836462867365,2026-01-18
202004,2025-12,BUKIT PANJANG,4 ROOM,106,GANGSA RD,04 TO 06,103.0,Model A,1988,61 years 02 months,538888.0,106 GANGSA RD,670106,1.3779019997366,103.767412279054,2026-01-18
208620,2025-12,KALLANG/WHAMPOA,3 ROOM,66,KALLANG BAHRU,04 TO 06,65.0,Improved,1974,47 years 08 months,372800.0,66 KALLANG BAHRU,330066,1.32066445696203,103.869914604242,2026-01-18
201862,2025-12,BUKIT PANJANG,3 ROOM,206,PETIR RD,10 TO 12,73.0,Model A,1989,62 years 05 months,470000.0,206 PETIR RD,670206,1.37373382715048,103.774113802084,2026-01-18
201606,2025-12,BUKIT MERAH,4 ROOM,90B,TELOK BLANGAH ST 31,16 TO 18,93.0,Model A,2018,92 years,995000.0,90B TELOK BLANGAH ST 31,102090,1.27728367741324,103.806916176715,2026-01-18
216975,2025-12,TAMPINES,5 ROOM,876A,TAMPINES AVE 8,10 TO 12,113.0,Improved,2021,94 years 11 months,980000.0,876A TAMPINES AVE 8,521876,1.35268035743845,103.929931932805,2026-01-18
209503,2025-12,PASIR RIS,4 ROOM,475,PASIR RIS DR 6,04 TO 06,103.0,Model A,1990,63 years 06 months,655000.0,475 PASIR RIS DR 6,510475,1.37519773974651,103.95715537175,2026-01-18
209504,2025-12,PASIR RIS,4 ROOM,472,PASIR RIS DR 6,10 TO 12,103.0,Model A,1989,62 years 08 months,640000.0,472 PASIR RIS DR 6,510472,1.37416575605544,103.957269905237,2026-01-18
216962,2025-12,TAMPINES,5 ROOM,815,TAMPINES AVE 4,13 TO 15,124.0,Improved,1985,58 years 03 months,805000.0,815 TAMPINES AVE 4,520815,1.34734692651401,103.937409006158,2026-01-18
200569,2025-12,BUKIT BATOK,5 ROOM,296C,BT BATOK ST 22,10 TO 12,112.0,Premium Apartment,2018,91 years 04 months,948000.0,296C BT BATOK ST 22,653296,1.34369796674692,103.748158134407,2026-01-18
209551,2025-12,PASIR RIS,4 ROOM,148,PASIR RIS ST 13,04 TO 06,109.0,Model A,1995,68 years 02 months,631000.0,148 PASIR RIS ST 13,510148,1.36226599374262,103.962078643998,2026-01-18
200549,2025-12,BUKIT BATOK,5 ROOM,293A,BT BATOK ST 21,22 TO 24,113.0,Improved,2019,92 years 02 months,939000.0,293A BT BATOK ST 21,651293,1.34593565587377,103.754650908839,2026-01-18
201825,2025-12,BUKIT PANJANG,3 ROOM,102,GANGSA RD,04 TO 06,73.0,Model A,1988,61 years 01 month,410000.0,102 GANGSA RD,670102,1.37910762831305,103.768153816778,2026-01-18
209598,2025-12,PASIR RIS,4 ROOM,526B,PASIR RIS ST 51,13 TO 15,93.0,Model A,2015,88 years 07 months,775888.0,526B PASIR RIS ST 51,512526,1.36789275657772,103.947032722415,2026-01-18
200548,2025-12,BUKIT BATOK,5 ROOM,293A,BT BATOK ST 21,07 TO 09,113.0,Improved,2019,92 years 02 months,851800.0,293A BT BATOK ST 21,651293,1.34593565587377,103.754650908839,2026-01-18
201894,2025-12,BUKIT PANJANG,3 ROOM,550A,SEGAR RD,07 TO 09,67.0,Model A,2015,89 years 01 month,480000.0,550A SEGAR RD,671550,1.38911206246444,103.767301515652,2026-01-18
201895,2025-12,BUKIT PANJANG,3 ROOM,485,SEGAR RD,07 TO 09,67.0,Model A,2014,88 years 01 month,485000.0,485 SEGAR RD,670485,1.38868132378093,103.771312569429,2026-01-18
200547,2025-12,BUKIT BATOK,5 ROOM,202,BT BATOK ST 21,10 TO 12,133.0,Model A,1985,58 years 08 months,738000.0,202 BT BATOK ST 21,650202,1.3465978583575,103.748448437294,2026-01-18
200513,2025-12,BUKIT BATOK,5 ROOM,622,BT BATOK CTRL,28 TO 30,113.0,Improved,2003,76 years 11 months,918888.0,622 BT BATOK CTRL,650622,1.35071643799739,103.748496406191,2026-01-18
201896,2025-12,BUKIT PANJANG,3 ROOM,487,SEGAR RD,04 TO 06,67.0,Model A,2014,88 years 01 month,476888.0,487 SEGAR RD,670487,1.38917306201936,103.771106197699,2026-01-18
201922,2025-12,BUKIT PANJANG,4 ROOM,253,BANGKIT RD,04 TO 06,104.0,Model A,1988,62 years,540000.0,253 BANGKIT RD,670253,1.37958729930597,103.774819935019,2026-01-18
209647,2025-12,PASIR RIS,4 ROOM,718,PASIR RIS ST 72,01 TO 03,111.0,Model A,1996,69 years 08 months,647000.0,718 PASIR RIS ST 72,510718,1.38244315383458,103.936371378227,2026-01-18
200512,2025-12,BUKIT BATOK,5 ROOM,103,BT BATOK CTRL,07 TO 09,133.0,Model A,1985,58 years 01 month,759000.0,103 BT BATOK CTRL,650103,1.34822368204242,103.748034526478,2026-01-18
209648,2025-12,PASIR RIS,5 ROOM,5,CHANGI VILLAGE RD,04 TO 06,132.0,Adjoined flat,1981,54 years 08 months,740000.0,5 CHANGI VILLAGE RD,500005,1.38885339963623,103.986845986484,2026-01-18
200511,2025-12,BUKIT BATOK,5 ROOM,621,BT BATOK CTRL,01 TO 03,110.0,Improved,2003,77 years,775000.0,621 BT BATOK CTRL,650621,1.35022916499468,103.748340672674,2026-01-18
200321,2025-12,BUKIT BATOK,4 ROOM,450C,BT BATOK WEST AVE 6,01 TO 03,93.0,Model A,2019,92 years 04 months,600000.0,450C BT BATOK WEST AVE 6,653450,1.35204142276072,103.743844813254,2026-01-18
198831,2025-12,BEDOK,4 ROOM,166,BEDOK STH AVE 3,07 TO 09,104.0,Model A,1985,58 years 04 months,645000.0,166 BEDOK STH AVE 3,460166,1.32004079860245,103.945196685812,2025-12-31
197869,2025-12,ANG MO KIO,5 ROOM,171,ANG MO KIO AVE 4,07 TO 09,127.0,Improved,1982,55 years 01 month,790000.0,171 ANG MO KIO AVE 4,560171,1.37473291237038,103.835682669212,2025-12-31
198105,2025-12,BEDOK,3 ROOM,124,BEDOK NTH RD,04 TO 06,67.0,New Generation,1978,51 years 05 months,408000.0,124 BEDOK NTH RD,460124,1.32925881944574,103.939046430321,2025-12-31
197909,2025-12,ANG MO KIO,5 ROOM,354,ANG MO KIO ST 32,07 TO 09,110.0,Improved,2001,74 years 09 months,1000000.0,354 ANG MO KIO ST 32,560354,1.3638775246776,103.85202861388,2025-12-31
198043,2025-12,BEDOK,3 ROOM,102,BEDOK NTH AVE 4,04 TO 06,67.0,New Generation,1977,50 years 07 months,418000.0,102 BEDOK NTH AVE 4,460102,1.33390654765002,103.937458398204,2025-12-31
200503,2025-12,BUKIT BATOK,4 ROOM,460D,BT BATOK WEST AVE 9,10 TO 12,93.0,Model A,2020,93 years 06 months,698178.0,460D BT BATOK WEST AVE 9,654460,1.35357038229401,103.740214836034,2025-12-30
197662,2025-12,ANG MO KIO,4 ROOM,102,ANG MO KIO AVE 3,01 TO 03,112.0,Model A,1993,66 years 05 months,710000.0,102 ANG MO KIO AVE 3,560102,1.37065009249377,103.839410348811,2025-12-30
197202,2025-12,ANG MO KIO,3 ROOM,476,ANG MO KIO AVE 10,04 TO 06,67.0,New Generation,1979,52 years 07 months,405000.0,476 ANG MO KIO AVE 10,560476,1.36238829184688,103.857880564737,2025-12-29
203286,2025-12,CHOA CHU KANG,4 ROOM,154,JLN TECK WHYE,01 TO 03,100.0,Model A,1997,71 years 01 month,550000.0,154 JLN TECK WHYE,680154,1.37964487632189,103.757746962906,2025-12-29
199519,2025-12,BISHAN,EXECUTIVE,261,BISHAN ST 22,04 TO 06,151.0,Maisonette,1992,65 years 08 months,1340000.0,261 BISHAN ST 22,570261,1.35898689332218,103.843324418377,2025-12-29
201193,2025-12,BUKIT MERAH,3 ROOM,30,TELOK BLANGAH RISE,01 TO 03,70.0,Improved,1976,49 years 06 months,393000.0,30 TELOK BLANGAH RISE,90030,1.27298528304053,103.820252009798,2025-12-29
199793,2025-12,BUKIT BATOK,3 ROOM,533,BT BATOK ST 51,04 TO 06,60.0,Improved,1988,61 years 03 months,355000.0,533 BT BATOK ST 51,650533,1.35587908699049,103.749799126312,2025-12-26
215928,2025-12,TAMPINES,3 ROOM,467,TAMPINES ST 44,10 TO 12,74.0,Model A,1987,60 years 06 months,496888.0,467 TAMPINES ST 44,520467,1.35996852651128,103.954665911889,2025-12-26
197464,2025-12,ANG MO KIO,3 ROOM,502,ANG MO KIO AVE 5,01 TO 03,82.0,New Generation,1981,54 years 02 months,517000.0,502 ANG MO KIO AVE 5,560502,1.37572474765516,103.849934305516,2025-12-26
203446,2025-12,CHOA CHU KANG,5 ROOM,485C,CHOA CHU KANG AVE 5,13 TO 15,121.0,Improved,1999,72 years 05 months,595000.0,485C CHOA CHU KANG AVE 5,683485,1.37479885966148,103.738969879592,2025-12-22
197056,2025-12,ANG MO KIO,3 ROOM,215,ANG MO KIO AVE 1,04 TO 06,73.0,New Generation,1976,49 years 05 months,430888.0,215 ANG MO KIO AVE 1,560215,1.36655830166122,103.841624082978,2025-12-22
197315,2025-12,ANG MO KIO,3 ROOM,301,ANG MO KIO AVE 3,10 TO 12,88.0,New Generation,1978,51 years 04 months,550000.0,301 ANG MO KIO AVE 3,560301,1.36742112526427,103.845903587276,2025-12-22
197395,2025-12,ANG MO KIO,3 ROOM,178,ANG MO KIO AVE 4,07 TO 09,82.0,New Generation,1981,54 years 05 months,480000.0,178 ANG MO KIO AVE 4,560178,1.37619319942083,103.837038191014,2025-12-22
197055,2025-12,ANG MO KIO,3 ROOM,320,ANG MO KIO AVE 1,04 TO 06,73.0,New Generation,1977,50 years 06 months,460000.0,320 ANG MO KIO AVE 1,560320,1.36559244608528,103.848386744168,2025-12-22
197199,2025-12,ANG MO KIO,3 ROOM,556,ANG MO KIO AVE 10,07 TO 09,68.0,New Generation,1980,53 years 02 months,405000.0,556 ANG MO KIO AVE 10,560556,1.37203236308683,103.857625375797,2025-12-19
199177,2025-12,BISHAN,3 ROOM,110,BISHAN ST 12,01 TO 03,64.0,Simplified,1986,59 years 02 months,520000.0,110 BISHAN ST 12,570110,1.34740957043624,103.848054589423,2025-12-18
198767,2025-12,BEDOK,4 ROOM,148,BEDOK RESERVOIR RD,10 TO 12,104.0,Model A,1987,60 years 04 months,645000.0,148 BEDOK RESERVOIR RD,470148,1.33534088461813,103.91190498709,2025-12-18
198347,2025-12,BEDOK,3 ROOM,121,BEDOK RESERVOIR RD,04 TO 06,67.0,New Generation,1985,58 years 08 months,465000.0,121 BEDOK RESERVOIR RD,470121,1.33130517787872,103.909992224709,2025-12-17
197197,2025-12,ANG MO KIO,3 ROOM,463,ANG MO KIO AVE 10,10 TO 12,68.0,New Generation,1980,53 years 03 months,428000.0,463 ANG MO KIO AVE 10,560463,1.36694793518613,103.857487648675,2025-12-16
199823,2025-12,BUKIT BATOK,3 ROOM,523,BT BATOK ST 52,04 TO 06,60.0,Improved,1987,60 years 06 months,390000.0,523 BT BATOK ST 52,650523,1.35669994020487,103.752306417884,2025-12-16
199824,2025-12,BUKIT BATOK,3 ROOM,540,BT BATOK ST 52,10 TO 12,73.0,Model A,1987,60 years 09 months,445000.0,540 BT BATOK ST 52,650540,1.35440568176535,103.75130601487,2025-12-16
197196,2025-12,ANG MO KIO,3 ROOM,433,ANG MO KIO AVE 10,01 TO 03,67.0,New Generation,1979,52 years 02 months,410000.0,433 ANG MO KIO AVE 10,560433,1.36807652285135,103.854353042615,2025-12-15
197843,2025-12,ANG MO KIO,5 ROOM,551,ANG MO KIO AVE 10,04 TO 06,118.0,Improved,1981,54 years 02 months,660000.0,551 ANG MO KIO AVE 10,560551,1.37392862005901,103.858665713793,2025-12-15
200204,2025-12,BUKIT BATOK,4 ROOM,423,BT BATOK WEST AVE 2,01 TO 03,99.0,New Generation,1988,61 years 09 months,485000.0,423 BT BATOK WEST AVE 2,650423,1.36215691970023,103.744946718558,2025-12-15
198883,2025-12,BEDOK,4 ROOM,807A,CHAI CHEE RD,10 TO 12,93.0,Model A,2016,90 years,826000.0,807A CHAI CHEE RD,461807,1.32707387863852,103.923188202853,2025-12-15
213823,2025-12,SENGKANG,4 ROOM,286B,COMPASSVALE CRES,10 TO 12,93.0,Premium Apartment,2017,91 years,702888.0,286B COMPASSVALE CRES,542286,1.39755063670988,103.895593236308,2025-12-15
201506,2025-12,BUKIT MERAH,4 ROOM,75A,REDHILL RD,07 TO 09,100.0,Model A,2005,79 years,1028000.0,75A REDHILL RD,151075,1.28805315705423,103.815277070461,2025-12-15
201819,2025-12,BUKIT PANJANG,3 ROOM,442B,FAJAR RD,04 TO 06,68.0,Model A,2016,90 years 01 month,485000.0,442B FAJAR RD,672442,1.38143384735951,103.771366304235,2025-12-15
197054,2025-12,ANG MO KIO,3 ROOM,333,ANG MO KIO AVE 1,01 TO 03,68.0,New Generation,1981,54 years 02 months,410000.0,333 ANG MO KIO AVE 1,560333,1.3613425564061,103.851698621454,2025-12-12
201427,2025-12,BUKIT MERAH,4 ROOM,25B,JLN MEMBINA,22 TO 24,90.0,Model A,2009,82 years 02 months,1020000.0,25B JLN MEMBINA,164025,1.28362146974577,103.825391035279,2025-12-12
198613,2025-12,BEDOK,4 ROOM,430A,BEDOK NTH RD,01 TO 03,94.0,Model A,2021,94 years 06 months,880000.0,430A BEDOK NTH RD,461430,1.32970000498861,103.932990995274,2025-12-12
197194,2025-12,ANG MO KIO,3 ROOM,417,ANG MO KIO AVE 10,04 TO 06,74.0,New Generation,1979,52 years 09 months,425000.0,417 ANG MO KIO AVE 10,560417,1.36495953274783,103.855197097728,2025-12-11
197192,2025-12,ANG MO KIO,3 ROOM,416,ANG MO KIO AVE 10,01 TO 03,74.0,New Generation,1979,52 years 09 months,440000.0,416 ANG MO KIO AVE 10,560416,1.3645417089084,103.855103690549,2025-12-11
200454,2025-12,BUKIT BATOK,4 ROOM,464B,BT BATOK WEST AVE 8,07 TO 09,93.0,Model A,2021,94 years 08 months,655000.0,464B BT BATOK WEST AVE 8,652464,1.3579967815657,103.742102165928,2025-12-11
197193,2025-12,ANG MO KIO,3 ROOM,441,ANG MO KIO AVE 10,10 TO 12,82.0,New Generation,1979,52 years 02 months,462888.0,441 ANG MO KIO AVE 10,560441,1.36605027829032,103.854168309853,2025-12-11
202043,2025-12,BUKIT PANJANG,4 ROOM,510,JELAPANG RD,07 TO 09,100.0,Model A2,1998,71 years 07 months,570000.0,510 JELAPANG RD,670510,1.38758897243469,103.768982944262,2025-12-10
198800,2025-12,BEDOK,4 ROOM,763,BEDOK RESERVOIR VIEW,10 TO 12,107.0,Premium Apartment,2000,74 years 01 month,780000.0,763 BEDOK RESERVOIR VIEW,470763,1.33607209475067,103.934830606324,2025-12-10
198539,2025-12,BEDOK,4 ROOM,93,BEDOK NTH AVE 4,07 TO 09,92.0,New Generation,1979,52 years 07 months,528000.0,93 BEDOK NTH AVE 4,460093,1.33288899931346,103.941309734338,2025-12-10
199326,2025-12,BISHAN,4 ROOM,262,BISHAN ST 22,10 TO 12,104.0,Model A,1992,65 years 09 months,832888.0,262 BISHAN ST 22,570262,1.3592501119015,103.842623959859,2025-12-10
197053,2025-12,ANG MO KIO,3 ROOM,225,ANG MO KIO AVE 1,04 TO 06,67.0,New Generation,1978,51 years 02 months,425000.0,225 ANG MO KIO AVE 1,560225,1.36739612776859,103.838150007464,2025-12-09
198917,2025-12,BEDOK,4 ROOM,115,LENGKONG TIGA,01 TO 03,104.0,Model A,1989,62 years 06 months,740000.0,115 LENGKONG TIGA,410115,1.32297309915876,103.911228144346,2025-12-09
197940,2025-12,ANG MO KIO,5 ROOM,588C,ANG MO KIO ST 52,07 TO 09,112.0,DBSS,2011,84 years 09 months,1180000.0,588C ANG MO KIO ST 52,563588,1.37183157010083,103.853670978083,2025-12-09
198273,2025-12,BEDOK,3 ROOM,188B,BEDOK NTH ST 4,04 TO 06,68.0,Model A,2018,92 years 01 month,615000.0,188B BEDOK NTH ST 4,462188,1.33196249675669,103.941467643694,2025-12-08
211136,2025-12,PUNGGOL,5 ROOM,661C,EDGEDALE PLAINS,07 TO 09,112.0,Premium Apartment,2017,90 years 06 months,838000.0,661C EDGEDALE PLAINS,823661,1.4020715866828,103.917480013596,2025-12-08
200254,2025-12,BUKIT BATOK,4 ROOM,435C,BT BATOK WEST AVE 5,07 TO 09,93.0,Model A,2020,93 years 02 months,637888.0,435C BT BATOK WEST AVE 5,653435,1.35830193962809,103.739753503555,2025-12-08
202760,2025-12,CENTRAL AREA,4 ROOM,1D,CANTONMENT RD,04 TO 06,94.0,Type S1,2011,84 years 02 months,1250000.0,1D CANTONMENT RD,85401,1.27692024304713,103.841485788369,2025-12-08
196990,2025-12,ANG MO KIO,2 ROOM,323,ANG MO KIO AVE 3,04 TO 06,44.0,Improved,1977,50 years 07 months,300000.0,323 ANG MO KIO AVE 3,560323,1.36790849360635,103.84771408812,2025-12-06
198805,2025-12,BEDOK,4 ROOM,769,BEDOK RESERVOIR VIEW,19 TO 21,107.0,Premium Apartment,2000,74 years 01 month,745000.0,769 BEDOK RESERVOIR VIEW,470769,1.33577919034865,103.937911555857,2025-12-06
219604,2025-12,WOODLANDS,4 ROOM,319,WOODLANDS ST 31,04 TO 06,103.0,Model A,1993,66 years 05 months,568000.0,319 WOODLANDS ST 31,730319,1.43150888069834,103.777400269235,2025-12-06
199016,2025-12,BEDOK,5 ROOM,723,BEDOK RESERVOIR RD,01 TO 03,137.0,Model A-Maisonette,1984,57 years 09 months,793000.0,723 BEDOK RESERVOIR RD,470723,1.33695439373089,103.928960561768,2025-12-06
199448,2025-12,BISHAN,5 ROOM,182,BISHAN ST 13,04 TO 06,121.0,Improved,1987,60 years 08 months,975000.0,182 BISHAN ST 13,570182,1.35020582481902,103.853049203745,2025-12-06
198343,2025-12,BEDOK,3 ROOM,117,BEDOK RESERVOIR RD,04 TO 06,67.0,New Generation,1985,58 years 08 months,448000.0,117 BEDOK RESERVOIR RD,470117,1.3314132488271,103.908688936549,2025-12-04
197817,2025-12,ANG MO KIO,4 ROOM,588A,ANG MO KIO ST 52,22 TO 24,90.0,DBSS,2011,84 years 09 months,988000.0,588A ANG MO KIO ST 52,561588,1.37207688864036,103.852786139342,2025-12-03
210620,2025-12,PUNGGOL,4 ROOM,306D,PUNGGOL DR,10 TO 12,93.0,Premium Apartment,2012,85 years 07 months,765000.0,306D PUNGGOL DR,824306,1.40608143462906,103.906438377943,2025-12-03
198649,2025-12,BEDOK,4 ROOM,533,BEDOK NTH ST 3,07 TO 09,92.0,New Generation,1980,53 years 02 months,555000.0,533 BEDOK NTH ST 3,460533,1.33358016248275,103.92421866691,2025-12-03
198678,2025-12,BEDOK,4 ROOM,186A,BEDOK NTH ST 4,10 TO 12,93.0,Model A,2018,92 years,870000.0,186A BEDOK NTH ST 4,461186,1.32991427421905,103.940310513079,2025-12-03
198679,2025-12,BEDOK,4 ROOM,187B,BEDOK NTH ST 4,19 TO 21,93.0,Model A,2018,92 years,890000.0,187B BEDOK NTH ST 4,462187,1.33038146607469,103.940088401203,2025-12-03
199535,2025-12,BISHAN,EXECUTIVE,301,SHUNFU RD,04 TO 06,158.0,Maisonette,1985,58 years 07 months,1300000.0,301 SHUNFU RD,570301,1.34935737197469,103.838327333282,2025-12-02
199691,2025-12,BUKIT BATOK,3 ROOM,239,BT BATOK EAST AVE 5,01 TO 03,67.0,New Generation,1985,58 years 03 months,410000.0,239 BT BATOK EAST AVE 5,650239,1.3502391390638,103.755100850762,2025-12-02
200692,2025-12,BUKIT BATOK,5 ROOM,451B,BT BATOK WEST AVE 6,16 TO 18,115.0,Improved,2019,92 years 04 months,835000.0,451B BT BATOK WEST AVE 6,652451,1.35248381356888,103.743414725495,2025-12-02
198691,2025-12,BEDOK,4 ROOM,747B,BEDOK RESERVOIR CRES,10 TO 12,86.0,DBSS,2014,87 years 09 months,953888.0,747B BEDOK RESERVOIR CRES,472747,1.33666009454076,103.921624733709,2025-12-02
198629,2025-12,BEDOK,4 ROOM,128,BEDOK NTH ST 2,01 TO 03,92.0,New Generation,1978,51 years 06 months,535000.0,128 BEDOK NTH ST 2,460128,1.327740236451,103.939005696963,2025-12-01
199274,2025-12,BISHAN,4 ROOM,130,BISHAN ST 12,10 TO 12,105.0,Model A,1986,59 years 03 months,860000.0,130 BISHAN ST 12,570130,1.34590888814549,103.851015987254,2025-12-01
